21.241832733154297
21.513376235961914
23.00843048095703
21.496410369873047
22.250946044921875
30.494098663330078
24.96380043029785
21.627519607543945
21.443103790283203
28.24992561340332
21.627519607543945
20.438701629638672
20.799633026123047
23.629655838012695
24.99698829650879
21.443103790283203
19.920726776123047
20.29950714111328
22.14647674560547
21.443103790283203
20.29950714111328
24.96380043029785
19.817134857177734
22.243316650390625
26.439414978027344
20.144805908203125
21.688079833984375
20.144805908203125
23.53904151916504
21.513376235961914
21.421892166137695
292.0100402832031
23.255863189697266
22.510482788085938
23.439987182617188
22.017677307128906
22.510482788085938
22.819255828857422
21.627519607543945
20.29950714111328
23.22772216796875
29.574748992919922
22.279001235961914
20.29950714111328
19.983898162841797
20.50490951538086
20.144805908203125
20.242755889892578
29.736255645751953
25.544111251831055
21.443103790283203
23.564287185668945
20.144805908203125
22.91338348388672
22.510482788085938
76.06266021728516
22.78424644470215
22.91338348388672
23.5914249420166
20.263072967529297
21.627519607543945
26.439414978027344
20.144805908203125
28.273681640625
19.983898162841797
21.04656982421875
21.841575622558594
22.819255828857422
21.04656982421875
20.144805908203125
21.688079833984375
22.102191925048828
22.314693450927734
20.144805908203125
20.144805908203125
21.627519607543945
23.53904151916504
22.819255828857422
21.513376235961914
22.542171478271484
23.155879974365234
21.241832733154297
23.564287185668945
20.98998260498047
20.837678909301758
29.442699432373047
20.144805908203125
20.242755889892578
25.489416122436523
21.232223510742188
33.117164611816406
20.29950714111328
24.490116119384766
19.983898162841797
26.439414978027344
27.862289428710938
22.542171478271484
21.12519645690918
23.040685653686523
21.241832733154297
22.565040588378906
21.627519607543945
20.679302215576172
20.242755889892578
20.52056312561035
19.983898162841797
21.443103790283203
22.510482788085938
19.920726776123047
22.250946044921875
21.265613555908203
22.510482788085938
24.014570236206055
20.543842315673828
27.862289428710938
20.242755889892578
20.29950714111328
20.052993774414062
20.144805908203125
20.62664794921875
22.617694854736328
23.413558959960938
24.617244720458984
22.724178314208984
20.395004272460938
20.144805908203125
21.841575622558594
20.144805908203125
20.29950714111328
21.841575622558594
25.77962875366211
21.443103790283203
22.91338348388672
22.565040588378906
21.443103790283203
21.166629791259766
22.785709381103516
23.53904151916504
27.862289428710938
21.627519607543945
20.242755889892578
21.443103790283203
20.144805908203125
22.565040588378906
22.565040588378906
26.439414978027344
23.596664428710938
21.513376235961914
20.1286563873291
22.510482788085938
20.29950714111328
28.694414138793945
22.91338348388672
22.781116485595703
20.144805908203125
22.781116485595703
19.417255401611328
20.144805908203125
20.242755889892578
21.513376235961914
21.443103790283203
19.920726776123047
19.983898162841797
20.144805908203125
20.295833587646484
21.186473846435547
22.279001235961914
24.11693572998047
25.915071487426758
27.862289428710938
20.144805908203125
21.646076202392578
19.817134857177734
21.796188354492188
20.144805908203125
22.82999038696289
20.634502410888672
22.91338348388672
26.439414978027344
21.22866439819336
23.22772216796875
19.920726776123047
26.439414978027344
21.56911277770996
24.29486846923828
21.443103790283203
25.877046585083008
26.439414978027344
22.724178314208984
20.799633026123047
32.910850524902344
21.627519607543945
23.292821884155273
25.9813289642334
20.26144790649414
27.862289428710938
22.617694854736328
20.679302215576172
20.144805908203125
19.983898162841797
20.144805908203125
20.170021057128906
23.51286506652832
22.510482788085938
21.9943790435791
21.186473846435547
24.945043563842773
21.627519607543945
23.413558959960938
20.29950714111328
23.5914249420166
20.857440948486328
20.643775939941406
23.51286506652832
21.22612953186035
25.026405334472656
21.021312713623047
20.144805908203125
22.549272537231445
22.565040588378906
20.144805908203125
24.416833877563477
22.102191925048828
21.443103790283203
21.443103790283203
24.3136043548584
22.250946044921875
20.144805908203125
21.241832733154297
23.51286506652832
20.263351440429688
22.20787811279297
20.242755889892578
24.29486846923828
22.59097671508789
20.386226654052734
21.708459854125977
24.971317291259766
21.4526424407959
20.144805908203125
21.443103790283203
20.29950714111328
24.617244720458984
23.53904151916504
21.084762573242188
22.993358612060547
21.37242317199707
29.03061294555664
21.513376235961914
20.144805908203125
21.56911277770996
21.513376235961914
19.983898162841797
20.769638061523438
22.549272537231445
26.439414978027344
20.395004272460938
27.03642463684082
20.679302215576172
20.29950714111328
21.708459854125977
24.29486846923828
19.983898162841797
21.166629791259766
20.144805908203125
21.70608139038086
20.144805908203125
21.513376235961914
22.91338348388672
21.627519607543945
22.243316650390625
21.627519607543945
20.144805908203125
22.91338348388672
22.706480026245117
25.0382080078125
21.443103790283203
20.29950714111328
21.56911277770996
24.454805374145508
21.443103790283203
23.629655838012695
21.443103790283203
20.752546310424805
21.110063552856445
25.1203670501709
23.53904151916504
21.443103790283203
22.819255828857422
24.454805374145508
24.16179656982422
20.144805908203125
21.627519607543945
19.983898162841797
22.565040588378906
20.144805908203125
21.913455963134766
20.052993774414062
22.510482788085938
22.360671997070312
24.16179656982422
20.2081298828125
21.443103790283203
20.66675567626953
26.439414978027344
20.29950714111328
23.48698616027832
21.496410369873047
20.263072967529297
20.395004272460938
23.5914249420166
21.241832733154297
20.543506622314453
23.53904151916504
22.102191925048828
22.708656311035156
21.627519607543945
27.03642463684082
21.688079833984375
20.144805908203125
24.96428871154785
20.242755889892578
22.91338348388672
31.958032608032227
20.29950714111328
22.542171478271484
21.627519607543945
21.56911277770996
21.513376235961914
29.150114059448242
21.241832733154297
20.799633026123047
24.96380043029785
21.241832733154297
23.53904151916504
20.144805908203125
20.144805908203125
20.144805908203125
21.443103790283203
22.91338348388672
26.439414978027344
20.2081298828125
24.16179656982422
21.443103790283203
22.673702239990234
24.96380043029785
23.413558959960938
20.078096389770508
21.496410369873047
27.19280242919922
29.81159210205078
34.96900177001953
21.141929626464844
27.340967178344727
26.852800369262695
37.46263122558594
41.79478454589844
30.360288619995117
20.989459991455078
25.06804847717285
34.96900177001953
25.3981990814209
33.53172302246094
20.858135223388672
80.886474609375
32.407135009765625
94.44796752929688
31.440933227539062
92.49090576171875
68.36537170410156
24.61028289794922
34.16926193237305
34.6314582824707
29.284969329833984
33.15657424926758
63.051055908203125
49.23292541503906
49.104862213134766
35.81385803222656
35.29071044921875
33.87583541870117
30.883262634277344
30.826290130615234
36.68143844604492
24.354846954345703
60.349395751953125
80.9739990234375
31.752830505371094
32.76448440551758
24.354846954345703
29.81159210205078
26.272994995117188
24.016624450683594
79.8120346069336
73.48960876464844
23.73992156982422
27.886993408203125
24.354846954345703
30.751785278320312
46.79945373535156
35.09538650512695
33.61035919189453
25.669904708862305
44.400203704833984
23.740032196044922
44.85772705078125
28.5592041015625
63.41108703613281
52.5155029296875
23.86647605895996
30.9410400390625
24.016624450683594
50.650909423828125
26.045757293701172
34.21993637084961
26.760658264160156
29.692272186279297
29.951988220214844
27.19940948486328
28.791751861572266
26.670459747314453
31.510448455810547
44.4984130859375
26.701549530029297
24.82931900024414
80.04072570800781
29.81159210205078
50.684959411621094
25.264379501342773
44.99534606933594
34.217140197753906
32.94788360595703
35.149749755859375
34.96900177001953
24.50952911376953
99.64014434814453
34.96900177001953
31.52186393737793
34.96900177001953
38.808204650878906
35.75548553466797
29.558460235595703
30.934795379638672
64.23113250732422
26.701549530029297
30.098907470703125
35.10757064819336
24.354846954345703
214.86294555664062
31.510448455810547
30.73989486694336
25.844743728637695
65.8276596069336
40.765621185302734
72.92986297607422
26.016239166259766
40.10170364379883
24.256216049194336
84.1807632446289
63.04852294921875
30.360288619995117
27.50429344177246
40.971824645996094
94.12440490722656
68.3575668334961
55.85257339477539
23.763534545898438
29.81159210205078
23.689010620117188
27.349863052368164
33.81651306152344
29.029863357543945
39.27570724487305
27.703475952148438
31.086748123168945
63.1077995300293
35.240665435791016
63.754329681396484
42.2623291015625
39.55687713623047
26.671798706054688
82.83238220214844
42.68086624145508
63.1077995300293
82.5380630493164
68.01373291015625
23.66351318359375
26.474349975585938
36.23234558105469
34.96900177001953
80.08773803710938
32.82181167602539
44.91794967651367
32.82181167602539
33.849178314208984
30.848501205444336
24.354846954345703
45.69887924194336
44.10869598388672
46.958003997802734
