31.652538299560547
32.49585723876953
30.90691566467285
32.279388427734375
32.13278579711914
45.022396087646484
34.400150299072266
31.511777877807617
30.970848083496094
34.90073013305664
31.511777877807617
31.156625747680664
31.316415786743164
31.527074813842773
30.858976364135742
30.970848083496094
30.99739646911621
31.422927856445312
30.482223510742188
30.970848083496094
31.422927856445312
34.400150299072266
31.200565338134766
31.196529388427734
41.37786865234375
31.584688186645508
31.524642944335938
31.584688186645508
32.41012954711914
32.49585723876953
31.775259017944336
556.457763671875
30.769819259643555
32.85322952270508
30.798118591308594
32.664703369140625
32.85322952270508
32.995357513427734
31.511777877807617
31.422927856445312
31.091983795166016
41.45730972290039
32.577518463134766
31.422927856445312
31.313817977905273
30.625547409057617
31.584688186645508
31.046327590942383
47.5107421875
34.41207504272461
30.970848083496094
34.892860412597656
31.584688186645508
32.778968811035156
32.85322952270508
124.28528594970703
31.29867172241211
32.778968811035156
35.07112503051758
31.359792709350586
31.511777877807617
41.37786865234375
31.584688186645508
45.50644302368164
31.313817977905273
31.241336822509766
31.060670852661133
32.995357513427734
31.241336822509766
31.584688186645508
31.524642944335938
32.610782623291016
31.005107879638672
31.584688186645508
31.584688186645508
31.511777877807617
32.41012954711914
32.995357513427734
32.49585723876953
32.47919845581055
32.23039627075195
31.652538299560547
34.892860412597656
31.375072479248047
30.389331817626953
45.332950592041016
31.584688186645508
31.046327590942383
34.01036071777344
30.921024322509766
39.96089553833008
31.422927856445312
33.98118591308594
31.313817977905273
41.37786865234375
45.41702651977539
32.47919845581055
31.770307540893555
32.84935760498047
31.652538299560547
32.78731918334961
31.511777877807617
30.958389282226562
31.046327590942383
31.631248474121094
31.313817977905273
30.970848083496094
32.85322952270508
30.99739646911621
32.13278579711914
31.088321685791016
32.85322952270508
31.636568069458008
31.18813705444336
45.41702651977539
31.046327590942383
31.422927856445312
31.1887264251709
31.584688186645508
32.08185958862305
30.961679458618164
30.86003303527832
34.44867706298828
32.661903381347656
31.344310760498047
31.584688186645508
31.060670852661133
31.584688186645508
31.422927856445312
31.060670852661133
34.20894241333008
30.970848083496094
32.778968811035156
32.78731918334961
30.970848083496094
31.544538497924805
31.339200973510742
32.41012954711914
45.41702651977539
31.511777877807617
31.046327590942383
30.970848083496094
31.584688186645508
32.78731918334961
32.78731918334961
41.37786865234375
32.61882400512695
32.49585723876953
31.002941131591797
32.85322952270508
31.422927856445312
41.684104919433594
32.778968811035156
31.785442352294922
31.584688186645508
31.785442352294922
31.281517028808594
31.584688186645508
31.046327590942383
32.49585723876953
30.970848083496094
30.99739646911621
31.313817977905273
31.584688186645508
30.942596435546875
31.51439666748047
32.577518463134766
35.139461517333984
31.284217834472656
45.41702651977539
31.584688186645508
30.99637794494629
31.200565338134766
32.802772521972656
31.584688186645508
31.722190856933594
30.990192413330078
32.778968811035156
41.37786865234375
30.362503051757812
31.091983795166016
30.99739646911621
41.37786865234375
31.847919464111328
32.06154251098633
30.970848083496094
32.338443756103516
41.37786865234375
32.661903381347656
31.316415786743164
50.591949462890625
31.511777877807617
31.928739547729492
33.302490234375
32.34550476074219
45.41702651977539
30.961679458618164
30.958389282226562
31.584688186645508
31.313817977905273
31.584688186645508
31.07087516784668
35.361724853515625
32.85322952270508
32.584632873535156
31.51439666748047
33.9193115234375
31.511777877807617
30.86003303527832
31.422927856445312
35.07112503051758
31.620033264160156
31.549015045166016
35.361724853515625
31.432086944580078
34.18611526489258
30.47710418701172
31.584688186645508
30.6346378326416
32.78731918334961
31.584688186645508
31.478551864624023
32.610782623291016
30.970848083496094
30.970848083496094
30.83451271057129
32.13278579711914
31.584688186645508
31.652538299560547
35.361724853515625
30.99650764465332
33.38990783691406
31.046327590942383
32.06154251098633
31.01302146911621
31.05171775817871
32.949928283691406
31.192855834960938
31.809476852416992
31.584688186645508
30.970848083496094
31.422927856445312
34.44867706298828
32.41012954711914
31.333093643188477
32.67243576049805
32.99258804321289
35.11490249633789
32.49585723876953
31.584688186645508
31.847919464111328
32.49585723876953
31.313817977905273
31.45671272277832
30.6346378326416
41.37786865234375
31.344310760498047
41.992618560791016
30.958389282226562
31.422927856445312
32.949928283691406
32.06154251098633
31.313817977905273
31.544538497924805
31.584688186645508
31.0471134185791
31.584688186645508
32.49585723876953
32.778968811035156
31.511777877807617
31.196529388427734
31.511777877807617
31.584688186645508
32.778968811035156
30.74439811706543
34.339134216308594
30.970848083496094
31.422927856445312
31.847919464111328
34.10797882080078
30.970848083496094
31.527074813842773
30.970848083496094
32.283870697021484
31.09718894958496
33.991432189941406
32.41012954711914
30.970848083496094
32.995357513427734
34.10797882080078
32.292911529541016
31.584688186645508
31.511777877807617
31.313817977905273
32.78731918334961
31.584688186645508
31.391172409057617
31.1887264251709
32.85322952270508
31.64196014404297
32.292911529541016
32.803733825683594
30.970848083496094
31.494524002075195
41.37786865234375
31.422927856445312
31.08582878112793
32.279388427734375
31.359792709350586
31.344310760498047
35.07112503051758
31.652538299560547
30.78675079345703
32.41012954711914
32.610782623291016
30.819610595703125
31.511777877807617
41.992618560791016
31.524642944335938
31.584688186645508
34.03996658325195
31.046327590942383
32.778968811035156
47.84943771362305
31.422927856445312
32.47919845581055
31.511777877807617
31.847919464111328
32.49585723876953
41.209144592285156
31.652538299560547
31.316415786743164
34.400150299072266
31.652538299560547
32.41012954711914
31.584688186645508
31.584688186645508
31.584688186645508
30.970848083496094
32.778968811035156
41.37786865234375
32.803733825683594
32.292911529541016
30.970848083496094
35.709373474121094
34.400150299072266
30.86003303527832
31.265254974365234
32.279388427734375
41.271060943603516
40.193077087402344
43.90233612060547
30.757312774658203
39.27070617675781
39.41010284423828
42.74758529663086
62.50026321411133
37.22762680053711
30.9732666015625
39.615699768066406
43.90233612060547
36.72309875488281
43.260562896728516
33.047874450683594
144.5789337158203
39.67195129394531
189.6691131591797
43.405784606933594
153.8900909423828
104.52777862548828
38.93653869628906
43.384803771972656
47.80706787109375
41.698638916015625
41.8367805480957
128.0306854248047
67.10710906982422
61.57340621948242
44.544219970703125
39.774635314941406
46.14748764038086
39.948944091796875
38.785518646240234
47.416419982910156
37.89921569824219
83.51918029785156
144.8714141845703
40.526123046875
42.2014274597168
37.89921569824219
40.193077087402344
39.39122009277344
36.52414321899414
147.19981384277344
133.54335021972656
38.09547424316406
39.348350524902344
37.89921569824219
40.87635803222656
60.733211517333984
44.91905212402344
43.3912467956543
36.40534210205078
50.95173263549805
37.459957122802734
60.40272521972656
38.29310607910156
126.70545196533203
71.26151275634766
38.74287033081055
46.28819274902344
36.52414321899414
66.69731140136719
37.1420783996582
42.44584274291992
38.28627395629883
38.943416595458984
39.08034133911133
43.44908905029297
35.85812759399414
39.56364059448242
40.730464935302734
51.123592376708984
39.482295989990234
36.082611083984375
149.17520141601562
40.193077087402344
74.42047119140625
36.17618942260742
59.5634765625
41.176124572753906
41.69883346557617
43.84614944458008
43.90233612060547
38.04041290283203
133.3795623779297
43.90233612060547
37.52552032470703
43.90233612060547
47.454444885253906
44.158695220947266
37.21335220336914
39.17762756347656
130.0618896484375
39.482295989990234
44.41736602783203
44.244869232177734
37.89921569824219
705.5234985351562
40.730464935302734
39.47644805908203
38.61306381225586
120.82054901123047
56.21574020385742
147.10093688964844
38.55533218383789
48.71983337402344
37.96062088012695
143.7183380126953
127.29124450683594
37.22762680053711
38.05220031738281
47.40247344970703
188.7531280517578
133.65530395507812
83.24348449707031
38.15629959106445
40.193077087402344
37.86143112182617
38.23515701293945
43.89038848876953
39.815093994140625
50.61606216430664
38.60469055175781
40.37760543823242
128.02830505371094
44.139225006103516
125.47930145263672
46.59653091430664
47.091026306152344
39.61675262451172
155.07394409179688
52.49397277832031
128.02830505371094
141.82534790039062
125.63819122314453
37.38641357421875
39.458717346191406
46.41730499267578
43.90233612060547
141.70497131347656
40.64311218261719
60.210750579833984
40.64311218261719
43.22780990600586
41.917537689208984
37.89921569824219
61.155399322509766
57.80221939086914
58.82217025756836
