-1.1066513061523438
-1.5116958618164062
5.9905548095703125
-2.1384620666503906
1.3164634704589844
15.832723617553711
6.585319519042969
0.36287689208984375
1.4152908325195312
25.326675415039062
0.36287689208984375
-3.190685272216797
-2.089305877685547
6.346166610717773
11.997539520263672
1.4152908325195312
-0.16131591796875
-4.614458084106445
3.512399673461914
1.4152908325195312
-4.614458084106445
6.585319519042969
-4.87092399597168
3.447467803955078
3.69671630859375
-5.391336441040039
0.8610420227050781
-5.391336441040039
3.644512176513672
-1.5116958618164062
2.3738136291503906
191.3437957763672
6.891130447387695
0.206756591796875
7.267169952392578
-1.1658515930175781
0.206756591796875
0.4024238586425781
0.36287689208984375
-4.614458084106445
6.656576156616211
14.521539688110352
0.2003631591796875
-4.614458084106445
-5.009954452514648
-1.3986072540283203
-5.391336441040039
-2.8575897216796875
12.085128784179688
8.35538101196289
1.4152908325195312
1.059326171875
-5.391336441040039
1.7033119201660156
0.206756591796875
68.41921997070312
4.254405975341797
1.7033119201660156
0.4797096252441406
-3.1793556213378906
0.36287689208984375
3.69671630859375
-5.391336441040039
6.504800796508789
-5.009954452514648
-1.1555328369140625
1.9552574157714844
0.4024238586425781
-1.1555328369140625
-5.391336441040039
0.8610420227050781
-0.9900054931640625
3.574739456176758
-5.391336441040039
-5.391336441040039
0.36287689208984375
3.644512176513672
0.4024238586425781
-1.5116958618164062
0.7493476867675781
9.617057800292969
-1.1066513061523438
1.059326171875
-1.1323623657226562
1.2546272277832031
11.277795791625977
-5.391336441040039
-2.8575897216796875
11.194999694824219
4.659832000732422
22.233190536499023
-4.614458084106445
5.235137939453125
-5.009954452514648
3.69671630859375
5.561153411865234
0.7493476867675781
-0.05355072021484375
2.022125244140625
-1.1066513061523438
0.4705924987792969
0.36287689208984375
-1.8383140563964844
-2.8575897216796875
-2.8056373596191406
-5.009954452514648
1.4152908325195312
0.206756591796875
-0.16131591796875
1.3164634704589844
0.5795059204101562
0.206756591796875
7.220664978027344
-1.9770240783691406
5.561153411865234
-2.8575897216796875
-4.614458084106445
-3.8186817169189453
-5.391336441040039
-2.0623130798339844
4.233936309814453
7.386030197143555
6.02644157409668
1.1666889190673828
-2.4074020385742188
-5.391336441040039
1.9552574157714844
-5.391336441040039
-4.614458084106445
1.9552574157714844
8.874044418334961
1.4152908325195312
1.7033119201660156
0.4705924987792969
1.4152908325195312
-1.2417411804199219
11.654315948486328
3.644512176513672
5.561153411865234
0.36287689208984375
-2.8575897216796875
1.4152908325195312
-5.391336441040039
0.4705924987792969
0.4705924987792969
3.69671630859375
5.051586151123047
-1.5116958618164062
-2.9193992614746094
0.206756591796875
-4.614458084106445
12.721506118774414
1.7033119201660156
4.3085784912109375
-5.391336441040039
4.3085784912109375
-5.975004196166992
-5.391336441040039
-2.8575897216796875
-1.5116958618164062
1.4152908325195312
-0.16131591796875
-5.009954452514648
-5.391336441040039
-2.3376808166503906
-1.5158843994140625
0.2003631591796875
1.3353157043457031
14.262529373168945
5.561153411865234
-5.391336441040039
1.9730606079101562
-4.87092399597168
-1.4120712280273438
-5.391336441040039
3.408407211303711
-0.707427978515625
1.7033119201660156
3.69671630859375
0.8363437652587891
6.656576156616211
-0.16131591796875
3.69671630859375
-0.8426971435546875
8.384000778198242
1.4152908325195312
12.89560317993164
3.69671630859375
1.1666889190673828
-2.089305877685547
18.976064682006836
0.36287689208984375
9.381420135498047
11.990394592285156
-3.8447113037109375
5.561153411865234
4.233936309814453
-1.8383140563964844
-5.391336441040039
-5.009954452514648
-5.391336441040039
-3.269063949584961
-0.8058853149414062
0.206756591796875
-0.9499263763427734
-1.5158843994140625
11.037036895751953
0.36287689208984375
7.386030197143555
-4.614458084106445
0.4797096252441406
-2.8931808471679688
-2.1288795471191406
-0.8058853149414062
-0.9204292297363281
6.638422012329102
0.2070465087890625
-5.391336441040039
4.892820358276367
0.4705924987792969
-5.391336441040039
10.010557174682617
-0.9900054931640625
1.4152908325195312
1.4152908325195312
9.728923797607422
1.3164634704589844
-5.391336441040039
-1.1066513061523438
-0.8058853149414062
-2.8056564331054688
7.372795104980469
-2.8575897216796875
8.384000778198242
4.074979782104492
-2.8437633514404297
-2.321063995361328
11.549346923828125
1.9869270324707031
-5.391336441040039
1.4152908325195312
-4.614458084106445
6.02644157409668
3.644512176513672
-0.016796112060546875
2.547332763671875
-0.2673683166503906
19.169797897338867
-1.5116958618164062
-5.391336441040039
-0.8426971435546875
-1.5116958618164062
-5.009954452514648
-1.9243202209472656
4.892820358276367
3.69671630859375
-2.4074020385742188
4.4503326416015625
-1.8383140563964844
-4.614458084106445
-2.321063995361328
8.384000778198242
-5.009954452514648
-1.2417411804199219
-5.391336441040039
1.1676483154296875
-5.391336441040039
-1.5116958618164062
1.7033119201660156
0.36287689208984375
3.447467803955078
0.36287689208984375
-5.391336441040039
1.7033119201660156
5.099679946899414
6.886087417602539
1.4152908325195312
-4.614458084106445
-0.8426971435546875
5.004096984863281
1.4152908325195312
6.346166610717773
1.4152908325195312
16.550888061523438
1.4541168212890625
10.915657043457031
3.644512176513672
1.4152908325195312
0.4024238586425781
5.004096984863281
7.219533920288086
-5.391336441040039
0.36287689208984375
-5.009954452514648
0.4705924987792969
-5.391336441040039
3.6108779907226562
-3.8186817169189453
0.206756591796875
2.040372848510742
7.219533920288086
16.92379379272461
1.4152908325195312
-1.904327392578125
3.69671630859375
-4.614458084106445
7.799722671508789
-2.1384620666503906
-3.1793556213378906
-2.4074020385742188
0.4797096252441406
-1.1066513061523438
-0.39054107666015625
3.644512176513672
-0.9900054931640625
4.745014190673828
0.36287689208984375
4.4503326416015625
0.8610420227050781
-5.391336441040039
6.571300506591797
-2.8575897216796875
1.7033119201660156
20.20839500427246
-4.614458084106445
0.7493476867675781
0.36287689208984375
-0.8426971435546875
-1.5116958618164062
13.194936752319336
-1.1066513061523438
-2.089305877685547
6.585319519042969
-1.1066513061523438
3.644512176513672
-5.391336441040039
-5.391336441040039
-5.391336441040039
1.4152908325195312
1.7033119201660156
3.69671630859375
16.92379379272461
7.219533920288086
1.4152908325195312
2.6049270629882812
6.585319519042969
7.386030197143555
-2.703784942626953
-2.1384620666503906
6.687681198120117
7.346885681152344
25.130306243896484
-0.3444480895996094
6.201440811157227
3.9995384216308594
31.2764892578125
26.77247428894043
15.856668472290039
-1.0385799407958984
-1.6486053466796875
25.130306243896484
4.592458724975586
22.349885940551758
4.078174591064453
55.14913558959961
23.195873260498047
69.01399230957031
18.23528480529785
69.45744323730469
42.44335174560547
1.2278709411621094
20.985212326049805
17.694339752197266
7.222936630249023
17.40167999267578
43.13970184326172
32.551422119140625
41.36035919189453
19.61353302001953
26.296398162841797
20.54013442993164
19.802677154541016
17.902629852294922
24.042848587036133
-2.6494598388671875
44.820343017578125
55.2325439453125
15.27608871459961
17.943334579467773
-2.6494598388671875
7.346885681152344
2.265392303466797
-0.7712173461914062
53.403499603271484
55.811622619628906
-4.319206237792969
7.854423522949219
-2.6494598388671875
11.894332885742188
34.07244873046875
20.643651962280273
20.03217887878418
5.1547698974609375
36.27006912231445
-2.6507568359375
35.16566467285156
14.521177291870117
45.152809143066406
39.381465911865234
-4.503326416015625
8.935813903808594
-0.7712173461914062
41.00300598144531
5.276695251464844
24.706472396850586
8.619131088256836
14.047874450683594
16.732912063598633
3.240692138671875
13.953855514526367
3.2499427795410156
13.000492095947266
36.470340728759766
3.1695327758789062
5.100238800048828
53.571197509765625
7.346885681152344
39.82459259033203
10.40384292602539
29.768901824951172
21.131450653076172
22.175640106201172
23.499412536621094
25.130306243896484
-0.3853034973144531
101.28629302978516
25.130306243896484
21.357738494873047
25.130306243896484
27.486286163330078
27.257495880126953
31.183937072753906
18.397554397583008
43.91764831542969
3.1695327758789062
8.116374969482422
19.589580535888672
-2.6494598388671875
115.57293701171875
13.000492095947266
13.276773452758789
1.1112747192382812
44.776641845703125
27.770130157470703
52.777992248535156
4.305049896240234
32.87697982788086
-1.5784835815429688
59.67796325683594
43.16059494018555
15.856668472290039
9.156597137451172
33.976348876953125
68.69683074951172
50.10129165649414
22.734851837158203
-4.2501220703125
7.346885681152344
-4.626579284667969
8.881736755371094
17.11988067626953
10.366886138916016
23.640380859375
10.960851669311523
13.418724060058594
43.152252197265625
25.896282196044922
45.40122604370117
33.394569396972656
31.36166000366211
2.866527557373047
55.31864929199219
33.990020751953125
43.152252197265625
64.0753173828125
45.86556625366211
-1.8772621154785156
12.617755889892578
24.511436462402344
25.130306243896484
54.5678825378418
18.03293800354004
28.318279266357422
18.03293800354004
23.611352920532227
17.502094268798828
-2.6494598388671875
28.49349594116211
28.12644386291504
40.11491012573242
