11.213346481323242
11.01169204711914
15.1078462600708
10.960456848144531
12.655509948730469
23.006423950195312
16.37466049194336
12.360843658447266
12.483945846557617
25.851951599121094
12.360843658447266
9.705413818359375
10.586421966552734
15.75301742553711
19.02068328857422
12.483945846557617
9.823070526123047
9.006555557250977
13.627901077270508
12.483945846557617
9.006555557250977
16.37466049194336
8.544443130493164
13.858020782470703
15.746389389038086
8.639726638793945
12.253925323486328
8.639726638793945
14.67918586730957
11.01169204711914
12.014875411987305
227.90164184570312
15.645081520080566
12.522537231445312
15.977949142456055
11.853363037109375
12.522537231445312
12.784297943115234
12.360843658447266
9.006555557250977
15.445384979248047
22.0190372467041
12.360340118408203
9.006555557250977
8.668525695800781
10.418807983398438
8.639726638793945
9.486459732055664
20.971416473388672
17.524503707885742
12.483945846557617
13.239677429199219
8.639726638793945
13.430774688720703
12.522537231445312
71.47695922851562
14.274307250976562
13.430774688720703
13.093914031982422
9.533842086791992
12.360843658447266
15.746389389038086
8.639726638793945
17.634170532226562
8.668525695800781
10.931245803833008
12.752239227294922
12.784297943115234
10.931245803833008
8.639726638793945
12.253925323486328
11.829437255859375
13.556882858276367
8.639726638793945
8.639726638793945
12.360843658447266
14.67918586730957
12.784297943115234
11.01169204711914
12.87347412109375
16.473831176757812
11.213346481323242
13.239677429199219
10.865209579467773
11.636661529541016
20.170042037963867
8.639726638793945
9.486459732055664
18.07761573791504
12.438177108764648
29.51582908630371
9.006555557250977
15.674491882324219
8.668525695800781
15.746389389038086
16.937610626220703
12.87347412109375
11.778404235839844
13.633316040039062
11.213346481323242
12.66773796081543
12.360843658447266
10.280094146728516
9.486459732055664
10.023056030273438
8.668525695800781
12.483945846557617
12.522537231445312
9.823070526123047
12.655509948730469
11.776090621948242
12.522537231445312
16.396894454956055
10.083789825439453
16.937610626220703
9.486459732055664
9.006555557250977
9.117460250854492
8.639726638793945
9.439262390136719
14.195528030395508
15.933380126953125
15.831180572509766
13.089752197265625
9.808477401733398
8.639726638793945
12.752239227294922
8.639726638793945
9.006555557250977
12.752239227294922
18.095836639404297
12.483945846557617
13.430774688720703
12.66773796081543
12.483945846557617
11.191366195678711
16.77050018310547
14.67918586730957
16.937610626220703
12.360843658447266
9.486459732055664
12.483945846557617
8.639726638793945
12.66773796081543
12.66773796081543
15.746389389038086
16.198867797851562
11.01169204711914
9.49162483215332
12.522537231445312
9.006555557250977
20.565494537353516
13.430774688720703
14.604101181030273
8.639726638793945
14.604101181030273
7.769208908081055
8.639726638793945
9.486459732055664
11.01169204711914
12.483945846557617
9.823070526123047
8.668525695800781
8.639726638793945
9.687564849853516
10.92997932434082
12.360340118408203
13.923620223999023
20.53534698486328
16.937610626220703
8.639726638793945
12.457305908203125
8.544443130493164
11.203310012817383
8.639726638793945
14.030292510986328
10.42413330078125
13.430774688720703
15.746389389038086
11.909866333007812
15.445384979248047
9.823070526123047
15.746389389038086
11.761405944824219
16.91134262084961
12.483945846557617
19.825977325439453
15.746389389038086
13.089752197265625
10.586421966552734
25.81524085998535
12.360843658447266
16.116445541381836
19.345916748046875
8.323812484741211
16.937610626220703
14.195528030395508
10.280094146728516
8.639726638793945
8.668525695800781
8.639726638793945
9.42317008972168
12.668111801147461
12.522537231445312
11.790424346923828
10.92997932434082
17.249818801879883
12.360843658447266
15.933380126953125
9.006555557250977
13.093914031982422
10.190475463867188
10.309564590454102
12.668111801147461
11.247970581054688
16.614774703979492
11.482803344726562
8.639726638793945
14.427833557128906
12.66773796081543
8.639726638793945
17.536497116088867
11.829437255859375
12.483945846557617
12.483945846557617
17.62670135498047
12.655509948730469
8.639726638793945
11.213346481323242
12.668111801147461
9.513404846191406
12.906620025634766
9.486459732055664
16.91134262084961
14.030872344970703
9.855079650878906
11.014999389648438
18.8065185546875
12.157032012939453
8.639726638793945
12.483945846557617
9.006555557250977
15.831180572509766
14.67918586730957
11.343465805053711
13.832544326782227
11.270221710205078
24.10466766357422
11.01169204711914
8.639726638793945
11.761405944824219
11.01169204711914
8.668525695800781
10.496715545654297
14.427833557128906
15.746389389038086
9.808477401733398
16.397069931030273
10.280094146728516
9.006555557250977
11.014999389648438
16.91134262084961
8.668525695800781
11.191366195678711
8.639726638793945
12.293540954589844
8.639726638793945
11.01169204711914
13.430774688720703
12.360843658447266
13.858020782470703
12.360843658447266
8.639726638793945
13.430774688720703
14.525344848632812
16.552902221679688
12.483945846557617
9.006555557250977
11.761405944824219
15.468585968017578
12.483945846557617
15.75301742553711
12.483945846557617
15.083740234375
11.477142333984375
17.4672794342041
14.67918586730957
12.483945846557617
12.784297943115234
15.468585968017578
16.50151252746582
8.639726638793945
12.360843658447266
8.668525695800781
12.66773796081543
8.639726638793945
13.464546203613281
9.117460250854492
12.522537231445312
13.347339630126953
16.50151252746582
15.081998825073242
12.483945846557617
10.272214889526367
15.746389389038086
9.006555557250977
16.09192657470703
10.960456848144531
9.533842086791992
9.808477401733398
13.093914031982422
11.213346481323242
11.025358200073242
14.67918586730957
11.829437255859375
14.430896759033203
12.360843658447266
16.397069931030273
12.253925323486328
8.639726638793945
16.551982879638672
9.486459732055664
13.430774688720703
25.641719818115234
9.006555557250977
12.87347412109375
12.360843658447266
11.761405944824219
11.01169204711914
21.261768341064453
11.213346481323242
10.586421966552734
16.37466049194336
11.213346481323242
14.67918586730957
8.639726638793945
8.639726638793945
8.639726638793945
12.483945846557617
13.430774688720703
15.746389389038086
15.081998825073242
16.50151252746582
12.483945846557617
11.519140243530273
16.37466049194336
15.933380126953125
9.400688171386719
10.960456848144531
17.31990623474121
19.434131622314453
30.212886810302734
11.424476623535156
17.35750389099121
16.189189910888672
34.328311920166016
33.36009979248047
23.312780380249023
10.961957931518555
12.391311645507812
30.212886810302734
15.541370391845703
27.87036895751953
9.809070587158203
66.82414245605469
27.701740264892578
79.30338287353516
24.85198974609375
79.50788116455078
53.12369155883789
12.906970977783203
27.202287673950195
26.420948028564453
19.176555633544922
25.169261932373047
51.79426956176758
40.11210250854492
44.79438400268555
28.452510833740234
31.222835540771484
27.007675170898438
25.11797523498535
24.65361785888672
29.98406219482422
12.625066757202148
51.33967208862305
66.90003967285156
23.32368278503418
25.238569259643555
12.625066757202148
19.434131622314453
15.007822036743164
12.444782257080078
64.74968719482422
63.20806121826172
10.957887649536133
18.527585983276367
12.625066757202148
22.713146209716797
40.12358093261719
28.094009399414062
25.647754669189453
16.024805068969727
40.1484489440918
11.73331069946289
39.463130950927734
21.36215591430664
52.89625549316406
45.41466522216797
10.704967498779297
19.63997459411621
12.444782257080078
44.87596130371094
16.47561264038086
29.31616973876953
17.47988510131836
22.15155029296875
23.310094833374023
14.180240631103516
21.768375396728516
15.676977157592773
23.311603546142578
40.29999923706055
15.804147720336914
15.371776580810547
64.55741119384766
19.434131622314453
44.31760025024414
15.833194732666016
37.17167663574219
28.047420501708984
27.46792221069336
28.97646713256836
30.212886810302734
12.857221603393555
98.95558166503906
30.212886810302734
26.300151824951172
30.212886810302734
33.1607551574707
31.1323299407959
24.817218780517578
24.921125411987305
52.694637298583984
15.804147720336914
19.81972312927246
27.388134002685547
12.625066757202148
151.3821563720703
23.311603546142578
23.252052307128906
14.302104949951172
53.565284729003906
33.81199645996094
60.97687911987305
15.93109130859375
36.13551712036133
12.371204376220703
70.6253890991211
51.89808654785156
23.312780380249023
18.899429321289062
37.469295501708984
79.11195373535156
57.73501968383789
38.55198669433594
10.975469589233398
19.434131622314453
10.985244750976562
18.322370529174805
25.081544876098633
20.35599708557129
31.682477951049805
19.20794677734375
23.534515380859375
51.82666015625
30.654888153076172
53.2779655456543
37.94778060913086
35.42179870605469
15.121147155761719
67.17329406738281
38.236907958984375
51.82666015625
72.91622924804688
55.164833068847656
11.87844467163086
16.415729522705078
30.18136215209961
30.212886810302734
66.11957550048828
25.75883674621582
36.580318450927734
25.75883674621582
28.689563751220703
23.77495002746582
12.625066757202148
36.90275192260742
36.1723747253418
43.12317657470703
