5.159214019775391
4.711936950683594
10.61684799194336
4.525468826293945
6.882305145263672
19.341888427734375
11.557409286499023
6.464744567871094
7.186775207519531
25.780458450317383
6.464744567871094
3.339315414428711
4.297643661499023
11.018501281738281
15.559976577758789
7.186775207519531
4.654958724975586
2.2572250366210938
8.655725479125977
7.186775207519531
2.2572250366210938
11.557409286499023
1.8427982330322266
8.903913497924805
9.813663482666016
1.7155132293701172
6.627262115478516
1.7155132293701172
9.285879135131836
4.711936950683594
7.252986907958984
201.18386840820312
11.272010803222656
6.445497512817383
11.655473709106445
5.564142227172852
6.445497512817383
6.67945671081543
6.464744567871094
2.2572250366210938
11.132713317871094
18.17520523071289
6.3579559326171875
2.2572250366210938
1.9060287475585938
4.580348968505859
1.7155132293701172
3.3388118743896484
16.484098434448242
13.054059982299805
7.186775207519531
7.091361999511719
1.7155132293701172
7.657314300537109
6.445497512817383
69.35820007324219
9.343215942382812
7.657314300537109
6.773956298828125
3.257966995239258
6.464744567871094
9.813663482666016
1.7155132293701172
12.044273376464844
1.9060287475585938
4.973634719848633
7.423868179321289
6.67945671081543
4.973634719848633
1.7155132293701172
6.627262115478516
5.521821975708008
8.57425308227539
1.7155132293701172
1.7155132293701172
6.464744567871094
9.285879135131836
6.67945671081543
4.711936950683594
6.935491561889648
13.47238540649414
5.159214019775391
7.091361999511719
4.9251251220703125
6.4452667236328125
15.667251586914062
1.7155132293701172
3.3388118743896484
14.472505569458008
8.370004653930664
26.489450454711914
2.2572250366210938
10.557449340820312
1.9060287475585938
9.813663482666016
11.207122802734375
6.935491561889648
6.068023681640625
7.910621643066406
5.159214019775391
6.648508071899414
6.464744567871094
4.236289978027344
3.3388118743896484
3.7832393646240234
1.9060287475585938
7.186775207519531
6.445497512817383
4.654958724975586
6.882305145263672
6.251829147338867
6.445497512817383
11.782337188720703
4.058891296386719
11.207122802734375
3.3388118743896484
2.2572250366210938
2.6595191955566406
1.7155132293701172
3.366640090942383
9.305435180664062
11.686443328857422
10.794488906860352
7.2199859619140625
3.688356399536133
1.7155132293701172
7.423868179321289
1.7155132293701172
2.2572250366210938
7.423868179321289
13.630413055419922
7.186775207519531
7.657314300537109
6.648508071899414
7.186775207519531
5.106487274169922
13.638713836669922
9.285879135131836
11.207122802734375
6.464744567871094
3.3388118743896484
7.186775207519531
1.7155132293701172
6.648508071899414
6.648508071899414
9.813663482666016
10.956903457641602
4.711936950683594
3.3798141479492188
6.445497512817383
2.2572250366210938
16.515851974487305
7.657314300537109
9.491144180297852
1.7155132293701172
9.491144180297852
0.9428367614746094
1.7155132293701172
3.3388118743896484
4.711936950683594
7.186775207519531
4.654958724975586
1.9060287475585938
1.7155132293701172
3.6210498809814453
4.749225616455078
6.3579559326171875
7.677162170410156
17.448081970214844
11.207122802734375
1.7155132293701172
7.256446838378906
1.8427982330322266
4.916292190551758
1.7155132293701172
8.697853088378906
4.731164932250977
7.657314300537109
9.813663482666016
6.446247100830078
11.132713317871094
4.654958724975586
9.813663482666016
5.61724853515625
12.710062026977539
7.186775207519531
16.31726837158203
9.813663482666016
7.2199859619140625
4.297643661499023
22.378040313720703
6.464744567871094
12.875865936279297
15.69332504272461
1.8536262512207031
11.207122802734375
9.305435180664062
4.236289978027344
1.7155132293701172
1.9060287475585938
1.7155132293701172
3.112913131713867
5.976112365722656
6.445497512817383
5.541694641113281
4.749225616455078
13.80766487121582
6.464744567871094
11.686443328857422
2.2572250366210938
6.773956298828125
3.707317352294922
4.219089508056641
5.976112365722656
5.27900505065918
11.758056640625
5.913393020629883
1.7155132293701172
9.715570449829102
6.648508071899414
1.7155132293701172
13.80367660522461
5.521821975708008
7.186775207519531
7.186775207519531
13.735904693603516
6.882305145263672
1.7155132293701172
5.159214019775391
5.976112365722656
3.350391387939453
9.041946411132812
3.3388118743896484
12.710062026977539
9.105691909790039
3.601757049560547
4.451038360595703
15.231321334838867
7.279209136962891
1.7155132293701172
7.186775207519531
2.2572250366210938
10.794488906860352
9.285879135131836
5.640287399291992
8.316648483276367
5.129116058349609
21.553041458129883
4.711936950683594
1.7155132293701172
5.61724853515625
4.711936950683594
1.9060287475585938
4.4009246826171875
9.715570449829102
9.813663482666016
3.688356399536133
10.494731903076172
4.236289978027344
2.2572250366210938
4.451038360595703
12.710062026977539
1.9060287475585938
5.106487274169922
1.7155132293701172
6.7740325927734375
1.7155132293701172
4.711936950683594
7.657314300537109
6.464744567871094
8.903913497924805
6.464744567871094
1.7155132293701172
7.657314300537109
9.824150085449219
11.797073364257812
7.186775207519531
2.2572250366210938
5.61724853515625
10.32101058959961
7.186775207519531
11.018501281738281
7.186775207519531
15.850866317749023
6.286027908325195
13.922317504882812
9.285879135131836
7.186775207519531
6.67945671081543
10.32101058959961
12.049087524414062
1.7155132293701172
6.464744567871094
1.9060287475585938
6.648508071899414
1.7155132293701172
8.406244277954102
2.6595191955566406
6.445497512817383
7.7666168212890625
12.049087524414062
17.130565643310547
7.186775207519531
4.244533538818359
9.813663482666016
2.2572250366210938
12.007822036743164
4.525468826293945
3.257966995239258
3.688356399536133
6.773956298828125
5.159214019775391
5.4942779541015625
9.285879135131836
5.521821975708008
9.622915267944336
6.464744567871094
10.494731903076172
6.627262115478516
1.7155132293701172
11.720348358154297
3.3388118743896484
7.657314300537109
22.926136016845703
2.2572250366210938
6.935491561889648
6.464744567871094
5.61724853515625
4.711936950683594
17.190582275390625
5.159214019775391
4.297643661499023
11.557409286499023
5.159214019775391
9.285879135131836
1.7155132293701172
1.7155132293701172
1.7155132293701172
7.186775207519531
7.657314300537109
9.813663482666016
17.130565643310547
12.049087524414062
7.186775207519531
6.3098602294921875
11.557409286499023
11.686443328857422
3.308382034301758
4.525468826293945
11.959541320800781
13.207637786865234
27.676013946533203
5.663585662841797
11.586374282836914
9.92978286743164
32.74280548095703
29.7249755859375
19.345003128051758
5.080438613891602
5.093090057373047
27.676013946533203
10.036567687988281
25.024829864501953
5.55572509765625
60.76247787475586
25.350170135498047
73.31690979003906
21.312395095825195
73.87800598144531
46.975128173828125
6.445158004760742
23.99168586730957
22.077777862548828
13.189964294433594
21.106700897216797
47.31003189086914
36.06951904296875
43.012184143066406
24.237606048583984
28.671981811523438
23.600189208984375
22.23450469970703
21.25624656677246
26.994497299194336
4.983390808105469
47.53599548339844
60.826148986816406
19.05184555053711
21.503864288330078
4.983390808105469
13.207637786865234
8.557024002075195
5.589149475097656
59.0703239440918
59.21514892578125
3.2901992797851562
13.091712951660156
4.983390808105469
17.121166229248047
36.97214126586914
24.383420944213867
22.278425216674805
10.277219772338867
38.17332458496094
4.526021957397461
37.07767105102539
17.625261306762695
49.01628875732422
42.235816955566406
2.843128204345703
13.498842239379883
5.589149475097656
42.722503662109375
10.859066009521484
26.910057067871094
12.643363952636719
17.874656677246094
19.77762222290039
7.405361175537109
17.761226654052734
9.328411102294922
18.32991600036621
38.34797286987305
9.381357192993164
10.107368469238281
58.70777893066406
13.207637786865234
41.946205139160156
11.577476501464844
33.33660888671875
24.531784057617188
24.71953582763672
26.160621643066406
27.676013946533203
6.164346694946289
99.3330078125
27.676013946533203
23.66360855102539
27.676013946533203
30.1983642578125
28.93457794189453
25.463054656982422
21.601421356201172
48.19084167480469
9.381357192993164
14.370603561401367
23.44112205505371
4.983390808105469
130.43902587890625
18.32991600036621
18.45458984375
7.678077697753906
48.89152145385742
30.643939971923828
56.48529815673828
10.041694641113281
34.402896881103516
5.415245056152344
65.10322570800781
47.37323760986328
19.345003128051758
13.953592300415039
35.71928787231445
73.21121978759766
53.61520767211914
30.71131134033203
3.324504852294922
13.207637786865234
3.173755645751953
13.524019241333008
20.86106300354004
15.32957649230957
27.522241592407227
14.723308563232422
18.64501953125
47.326778411865234
28.281143188476562
49.32265853881836
35.59504318237305
33.39527130126953
8.530529022216797
62.26622772216797
36.190673828125
47.326778411865234
68.90995788574219
50.19950485229492
4.9281158447265625
13.041170120239258
27.204130172729492
27.676013946533203
60.08420944213867
21.907238006591797
32.34025573730469
21.907238006591797
26.13639259338379
20.280792236328125
4.983390808105469
32.565208435058594
32.05776596069336
41.756168365478516
