31.09174156188965
31.81499481201172
30.472265243530273
31.684240341186523
31.535770416259766
43.53318786621094
33.84544372558594
30.957672119140625
30.396766662597656
34.38890838623047
30.957672119140625
30.526121139526367
30.674297332763672
31.12812614440918
30.569278717041016
30.396766662597656
30.307575225830078
30.75795555114746
30.027387619018555
30.396766662597656
30.75795555114746
33.84544372558594
30.51175880432129
30.6627140045166
40.06024169921875
30.885467529296875
30.997657775878906
30.885467529296875
31.948162078857422
31.81499481201172
31.12762451171875
500.49273681640625
30.379039764404297
32.21925735473633
30.42268943786621
31.982797622680664
32.21925735473633
32.43515396118164
30.957672119140625
30.75795555114746
30.664691925048828
40.36420440673828
31.959705352783203
30.75795555114746
30.626514434814453
30.034578323364258
30.885467529296875
30.411884307861328
45.633644104003906
33.902286529541016
30.396766662597656
34.206478118896484
30.885467529296875
32.18758773803711
32.21925735473633
107.93614959716797
30.833824157714844
32.18758773803711
34.36610412597656
30.674884796142578
30.957672119140625
40.06024169921875
30.885467529296875
43.7674674987793
30.626514434814453
30.636632919311523
30.516530990600586
32.43515396118164
30.636632919311523
30.885467529296875
30.997657775878906
31.971208572387695
30.528038024902344
30.885467529296875
30.885467529296875
30.957672119140625
31.948162078857422
32.43515396118164
31.81499481201172
31.890823364257812
31.699134826660156
31.09174156188965
34.206478118896484
30.7408390045166
29.84219741821289
43.70637893676758
30.885467529296875
30.411884307861328
33.5694694519043
30.358341217041016
39.326942443847656
30.75795555114746
33.447357177734375
30.626514434814453
40.06024169921875
43.657752990722656
31.890823364257812
31.081016540527344
32.25748825073242
31.09174156188965
32.163578033447266
30.957672119140625
30.36827850341797
30.411884307861328
30.916156768798828
30.626514434814453
30.396766662597656
32.21925735473633
30.307575225830078
31.535770416259766
30.486669540405273
32.21925735473633
31.25244903564453
30.539566040039062
43.657752990722656
30.411884307861328
30.75795555114746
30.509441375732422
30.885467529296875
31.359100341796875
30.51043701171875
30.510757446289062
33.87505340576172
32.06746292114258
30.66187858581543
30.885467529296875
30.516530990600586
30.885467529296875
30.75795555114746
30.516530990600586
33.76795196533203
30.396766662597656
32.18758773803711
32.163578033447266
30.396766662597656
30.980026245117188
30.763153076171875
31.948162078857422
43.657752990722656
30.957672119140625
30.411884307861328
30.396766662597656
30.885467529296875
32.163578033447266
32.163578033447266
40.06024169921875
32.006038665771484
31.81499481201172
30.349424362182617
32.21925735473633
30.75795555114746
40.46549987792969
32.18758773803711
31.27663803100586
30.885467529296875
31.27663803100586
30.5387020111084
30.885467529296875
30.411884307861328
31.81499481201172
30.396766662597656
30.307575225830078
30.626514434814453
30.885467529296875
30.299800872802734
30.905527114868164
31.959705352783203
34.46574401855469
31.06051254272461
43.657752990722656
30.885467529296875
30.513761520385742
30.51175880432129
32.136863708496094
30.885467529296875
31.191844940185547
30.38021469116211
32.18758773803711
40.06024169921875
29.844655990600586
30.664691925048828
30.307575225830078
40.06024169921875
31.205488204956055
31.694622039794922
30.396766662597656
32.027000427246094
40.06024169921875
32.06746292114258
30.674297332763672
48.517112731933594
30.957672119140625
31.398874282836914
32.987831115722656
31.58758544921875
43.657752990722656
30.51043701171875
30.36827850341797
30.885467529296875
30.626514434814453
30.885467529296875
30.407907485961914
34.623374938964844
32.21925735473633
31.93442153930664
30.905527114868164
33.43775939941406
30.957672119140625
30.510757446289062
30.75795555114746
34.36610412597656
30.972925186157227
30.868078231811523
34.623374938964844
30.822664260864258
33.672691345214844
29.93759536743164
30.885467529296875
30.231637954711914
32.163578033447266
30.885467529296875
31.113292694091797
31.971208572387695
30.396766662597656
30.396766662597656
30.520172119140625
31.535770416259766
30.885467529296875
31.09174156188965
34.623374938964844
30.372358322143555
32.6517333984375
30.411884307861328
31.694622039794922
30.56551742553711
30.409093856811523
32.24957275390625
30.89990997314453
31.161842346191406
30.885467529296875
30.396766662597656
30.75795555114746
33.87505340576172
31.948162078857422
30.761877059936523
32.10377502441406
32.19953155517578
34.98063278198242
31.81499481201172
30.885467529296875
31.205488204956055
31.81499481201172
30.626514434814453
30.790252685546875
30.231637954711914
40.06024169921875
30.66187858581543
40.628868103027344
30.36827850341797
30.75795555114746
32.24957275390625
31.694622039794922
30.626514434814453
30.980026245117188
30.885467529296875
30.519819259643555
30.885467529296875
31.81499481201172
32.18758773803711
30.957672119140625
30.6627140045166
30.957672119140625
30.885467529296875
32.18758773803711
30.319833755493164
33.795230865478516
30.396766662597656
30.75795555114746
31.205488204956055
33.54683303833008
30.396766662597656
31.12812614440918
30.396766662597656
31.54299545288086
30.491527557373047
33.52430725097656
31.948162078857422
30.396766662597656
32.43515396118164
33.54683303833008
31.868488311767578
30.885467529296875
30.957672119140625
30.626514434814453
32.163578033447266
30.885467529296875
30.834514617919922
30.509441375732422
32.21925735473633
31.170827865600586
31.868488311767578
31.983320236206055
30.396766662597656
30.82263946533203
40.06024169921875
30.75795555114746
30.686931610107422
31.684240341186523
30.674884796142578
30.66187858581543
34.36610412597656
31.09174156188965
30.172225952148438
31.948162078857422
31.971208572387695
30.38852310180664
30.957672119140625
40.628868103027344
30.997657775878906
30.885467529296875
33.52669906616211
30.411884307861328
32.18758773803711
46.07488250732422
30.75795555114746
31.890823364257812
30.957672119140625
31.205488204956055
31.81499481201172
40.08430099487305
31.09174156188965
30.674297332763672
33.84544372558594
31.09174156188965
31.948162078857422
30.885467529296875
30.885467529296875
30.885467529296875
30.396766662597656
32.18758773803711
40.06024169921875
31.983320236206055
31.868488311767578
30.396766662597656
34.8831901550293
33.84544372558594
30.510757446289062
30.57358169555664
31.684240341186523
39.98434829711914
39.32707977294922
43.02410125732422
30.204988479614258
38.16313934326172
38.265167236328125
42.26524353027344
58.42288589477539
36.83441925048828
30.403255462646484
38.37248611450195
43.02410125732422
35.82769012451172
42.071189880371094
32.23078536987305
128.89266967773438
38.94688034057617
155.2709197998047
42.17963409423828
133.41921997070312
97.56795501708984
37.71708679199219
42.72158432006836
46.073368072509766
40.477447509765625
41.09965896606445
109.0801773071289
64.10491943359375
59.361541748046875
43.771583557128906
39.41005325317383
44.621761322021484
39.04426956176758
38.070674896240234
46.588294982910156
36.81036376953125
79.5433578491211
129.12001037597656
39.83445358276367
41.56010437011719
36.81036376953125
39.32707977294922
38.22049331665039
35.57776641845703
130.52700805664062
117.10922241210938
36.933956146240234
38.273536682128906
36.81036376953125
39.89268493652344
58.52897644042969
44.072566986083984
42.69322967529297
35.625431060791016
49.71670913696289
36.379783630371094
57.73762893676758
37.41341781616211
108.1251449584961
67.88765716552734
37.52143859863281
44.562950134277344
35.57776641845703
63.92141342163086
36.233299255371094
41.52129364013672
37.28133010864258
38.064842224121094
38.24007797241211
41.908451080322266
35.364437103271484
38.40239334106445
40.112918853759766
49.86429977416992
38.323123931884766
35.18324661254883
132.01222229003906
39.32707977294922
69.67308044433594
35.30899429321289
57.26607131958008
40.67230224609375
40.8764762878418
43.18574905395508
43.02410125732422
36.92914962768555
120.3833999633789
43.02410125732422
37.166385650634766
43.02410125732422
46.49922561645508
43.13726806640625
36.69009017944336
38.36870193481445
110.80965423583984
38.323123931884766
42.878379821777344
43.54083251953125
36.81036376953125
525.0667724609375
40.112918853759766
38.92093276977539
37.5594367980957
107.59722137451172
53.66960525512695
125.91873168945312
37.541194915771484
47.65358352661133
36.84309387207031
128.6619415283203
108.52934265136719
36.83441925048828
37.17573928833008
46.52894592285156
154.63194274902344
114.65857696533203
80.00398254394531
36.98883056640625
39.32707977294922
36.7376594543457
37.27976608276367
43.15436935424805
38.79815673828125
49.24501419067383
37.636348724365234
39.77252197265625
109.1098403930664
43.291316986083984
107.28437042236328
45.79954528808594
46.15495681762695
38.52561569213867
136.66244506835938
51.44447708129883
109.1098403930664
126.43872833251953
111.62859344482422
36.2939567565918
38.346961975097656
45.28182601928711
43.02410125732422
126.7008285522461
40.003849029541016
57.797855377197266
40.003849029541016
42.35965347290039
40.71687316894531
36.81036376953125
58.72942352294922
55.77021408081055
56.56590270996094
