23.303756713867188
23.602123260498047
24.59207534790039
23.63720703125
24.134899139404297
32.507606506347656
26.76571273803711
23.525619506835938
23.295024871826172
29.2537784576416
23.525619506835938
22.566184997558594
22.83379364013672
25.180038452148438
26.1805362701416
23.295024871826172
22.04951286315918
22.501758575439453
23.827592849731445
23.295024871826172
22.501758575439453
26.76571273803711
22.049549102783203
23.97521209716797
28.70638084411621
22.39605712890625
23.628557205200195
22.39605712890625
25.3289794921875
23.602123260498047
23.404388427734375
311.065673828125
24.76742172241211
24.487510681152344
24.927589416503906
24.047893524169922
24.487510681152344
24.843536376953125
23.525619506835938
22.501758575439453
24.794567108154297
31.27280044555664
24.269874572753906
22.501758575439453
22.215442657470703
22.50899887084961
22.39605712890625
22.38736343383789
32.23850631713867
27.23902702331543
23.295024871826172
25.74371337890625
22.39605712890625
24.809101104736328
24.487510681152344
78.03494262695312
24.490081787109375
24.809101104736328
25.792049407958984
22.421894073486328
23.525619506835938
28.70638084411621
22.39605712890625
30.72763442993164
22.215442657470703
23.06000328063965
23.662555694580078
24.843536376953125
23.06000328063965
22.39605712890625
23.628557205200195
24.115060806274414
24.066373825073242
22.39605712890625
22.39605712890625
23.525619506835938
25.3289794921875
24.843536376953125
23.602123260498047
24.460208892822266
24.825721740722656
23.303756713867188
25.74371337890625
23.016393661499023
22.722900390625
31.68183135986328
22.39605712890625
22.38736343383789
27.12790298461914
23.14297103881836
34.06270217895508
22.501758575439453
26.323963165283203
22.215442657470703
28.70638084411621
30.39507293701172
24.460208892822266
23.117755889892578
24.919084548950195
23.303756713867188
24.523149490356445
23.525619506835938
22.72644805908203
22.38736343383789
22.615684509277344
22.215442657470703
23.295024871826172
24.487510681152344
22.04951286315918
24.134899139404297
23.180131912231445
24.487510681152344
25.516597747802734
22.626665115356445
30.39507293701172
22.38736343383789
22.501758575439453
22.23682403564453
22.39605712890625
22.840301513671875
24.29138946533203
24.922616958618164
26.485349655151367
24.6427001953125
22.51931381225586
22.39605712890625
23.662555694580078
22.39605712890625
22.501758575439453
23.662555694580078
27.415725708007812
23.295024871826172
24.809101104736328
24.523149490356445
23.295024871826172
23.214046478271484
24.238828659057617
25.3289794921875
30.39507293701172
23.525619506835938
22.38736343383789
23.295024871826172
22.39605712890625
24.523149490356445
24.523149490356445
28.70638084411621
25.15654182434082
23.602123260498047
22.264209747314453
24.487510681152344
22.501758575439453
30.586057662963867
24.809101104736328
24.472736358642578
22.39605712890625
24.472736358642578
21.718509674072266
22.39605712890625
22.38736343383789
23.602123260498047
23.295024871826172
22.04951286315918
22.215442657470703
22.39605712890625
22.396766662597656
23.219249725341797
24.269874572753906
26.229320526123047
27.00857162475586
30.39507293701172
22.39605712890625
23.54292106628418
22.049549102783203
23.921112060546875
22.39605712890625
24.5531063079834
22.67445945739746
24.809101104736328
28.70638084411621
23.063880920410156
24.794567108154297
22.04951286315918
28.70638084411621
23.518123626708984
25.851608276367188
23.295024871826172
27.098403930664062
28.70638084411621
24.6427001953125
22.83379364013672
35.23741912841797
23.525619506835938
24.91609764099121
27.392807006835938
22.612390518188477
30.39507293701172
24.29138946533203
22.72644805908203
22.39605712890625
22.215442657470703
22.39605712890625
22.31885528564453
25.770984649658203
24.487510681152344
24.012813568115234
23.219249725341797
26.670700073242188
23.525619506835938
24.922616958618164
22.501758575439453
25.792049407958984
22.958660125732422
22.746902465820312
25.770984649658203
23.217334747314453
26.79574203491211
22.911108016967773
22.39605712890625
24.18026351928711
24.523149490356445
22.39605712890625
25.818470001220703
24.115060806274414
23.295024871826172
23.295024871826172
25.6394100189209
24.134899139404297
22.39605712890625
23.303756713867188
25.770984649658203
22.397354125976562
24.261220932006836
22.38736343383789
25.851608276367188
24.29534912109375
22.472248077392578
23.843585968017578
26.22164535522461
23.412376403808594
22.39605712890625
23.295024871826172
22.501758575439453
26.485349655151367
25.3289794921875
23.09443473815918
24.85590934753418
23.482006072998047
30.18070411682129
23.602123260498047
22.39605712890625
23.518123626708984
23.602123260498047
22.215442657470703
22.81574249267578
24.18026351928711
28.70638084411621
22.51931381225586
29.292606353759766
22.72644805908203
22.501758575439453
23.843585968017578
25.851608276367188
22.215442657470703
23.214046478271484
22.39605712890625
23.572053909301758
22.39605712890625
23.602123260498047
24.809101104736328
23.525619506835938
23.97521209716797
23.525619506835938
22.39605712890625
24.809101104736328
24.330760955810547
26.81559181213379
23.295024871826172
22.501758575439453
23.518123626708984
26.307289123535156
23.295024871826172
25.180038452148438
23.295024871826172
22.76398277282715
23.0551700592041
26.82686996459961
25.3289794921875
23.295024871826172
24.843536376953125
26.307289123535156
25.789119720458984
22.39605712890625
23.525619506835938
22.215442657470703
24.523149490356445
22.39605712890625
23.69038963317871
22.23682403564453
24.487510681152344
24.177833557128906
25.789119720458984
22.40023422241211
23.295024871826172
22.764854431152344
28.70638084411621
22.501758575439453
24.985095977783203
23.63720703125
22.421894073486328
22.51931381225586
25.792049407958984
23.303756713867188
22.528085708618164
25.3289794921875
24.115060806274414
24.338008880615234
23.525619506835938
29.292606353759766
23.628557205200195
22.39605712890625
26.71460723876953
22.38736343383789
24.809101104736328
34.07624816894531
22.501758575439453
24.460208892822266
23.525619506835938
23.518123626708984
23.602123260498047
30.898096084594727
23.303756713867188
22.83379364013672
26.76571273803711
23.303756713867188
25.3289794921875
22.39605712890625
22.39605712890625
22.39605712890625
23.295024871826172
24.809101104736328
28.70638084411621
22.40023422241211
25.789119720458984
23.295024871826172
25.17111587524414
26.76571273803711
24.922616958618164
22.25115394592285
23.63720703125
29.27459716796875
31.876041412353516
36.262474060058594
23.0601749420166
29.441444396972656
29.076906204223633
38.237525939941406
43.9861946105957
31.793245315551758
22.977645874023438
27.82213020324707
36.262474060058594
27.536840438842773
34.97816467285156
23.14861297607422
85.5339584350586
33.611576080322266
98.88114929199219
33.16943359375
95.77919006347656
71.66952514648438
27.164918899536133
35.843482971191406
36.51905059814453
31.505420684814453
34.95335388183594
66.7550048828125
51.38741683959961
50.396663665771484
37.3807487487793
36.097991943359375
35.71104431152344
32.33623504638672
32.2368278503418
38.42132568359375
26.876190185546875
62.65449142456055
85.63124084472656
33.60134506225586
34.528533935546875
26.876190185546875
31.876041412353516
28.635604858398438
26.461206436157227
84.33123779296875
76.9715576171875
26.457626342773438
29.882530212402344
26.876190185546875
32.428367614746094
48.456703186035156
36.69673538208008
35.49016571044922
27.74579620361328
45.32585144042969
26.338035583496094
46.442893981933594
30.234657287597656
66.9769515991211
54.493324279785156
26.666873931884766
33.407249450683594
26.461206436157227
52.293582916259766
28.083206176757812
35.43156433105469
28.8321533203125
31.338031768798828
31.518754959106445
30.04692268371582
30.21057891845703
28.97736167907715
33.34008026123047
45.41413879394531
28.97323226928711
26.890480041503906
84.96334075927734
31.876041412353516
52.7370719909668
27.258804321289062
46.803558349609375
35.5406494140625
34.38518142700195
36.667259216308594
36.262474060058594
27.0222225189209
100.57838439941406
36.262474060058594
32.697853088378906
36.262474060058594
40.07246017456055
36.97048568725586
31.0765323638916
32.3109245300293
68.0295181274414
28.97323226928711
32.27735137939453
36.83046340942383
26.876190185546875
237.4512481689453
33.34008026123047
32.441497802734375
28.308307647705078
69.80445098876953
42.580780029296875
77.32169342041016
28.30257225036621
41.1943359375
26.811870574951172
88.72390747070312
66.70747375488281
31.793245315551758
29.37697982788086
41.83736038208008
98.60762023925781
71.87676239013672
60.76732635498047
26.479812622070312
31.876041412353516
26.409461975097656
29.341787338256836
35.7845573425293
30.888622283935547
40.940528869628906
29.634607315063477
32.831085205078125
66.81800842285156
36.525611877441406
67.35932922363281
42.96927261352539
40.582977294921875
29.159452438354492
88.0537109375
43.9822883605957
66.81800842285156
85.74461364746094
72.16707611083984
26.214555740356445
28.80695915222168
37.872222900390625
36.262474060058594
84.6527099609375
34.415283203125
46.80063247680664
34.415283203125
35.28696060180664
32.660987854003906
26.876190185546875
47.66039276123047
45.86601638793945
48.251197814941406
