16.59795570373535
16.7065372467041
19.30728530883789
16.63852310180664
17.881534576416016
26.70503044128418
20.91101837158203
17.42547035217285
17.250015258789062
26.578651428222656
17.42547035217285
15.462419509887695
16.113855361938477
20.065673828125
22.21523666381836
17.250015258789062
15.102940559387207
15.119308471679688
18.192480087280273
17.250015258789062
15.119308471679688
20.91101837158203
14.615288734436035
18.315189361572266
21.383705139160156
14.85321044921875
17.317424774169922
14.85321044921875
19.455928802490234
16.7065372467041
16.879741668701172
259.1476745605469
19.719013214111328
17.934480667114258
19.97039031982422
17.33584213256836
17.934480667114258
18.207122802734375
17.42547035217285
15.119308471679688
19.563316345214844
25.93027687072754
17.70846939086914
15.119308471679688
14.758325576782227
15.818746566772461
14.85321044921875
15.237898826599121
25.26657485961914
21.750354766845703
17.250015258789062
18.740524291992188
14.85321044921875
18.55460548400879
17.934480667114258
73.3276138305664
18.810436248779297
18.55460548400879
18.71331024169922
15.27572250366211
17.42547035217285
21.383705139160156
14.85321044921875
23.135576248168945
14.758325576782227
16.35797882080078
17.620723724365234
18.207122802734375
16.35797882080078
14.85321044921875
17.317424774169922
17.419065475463867
18.22111701965332
14.85321044921875
14.85321044921875
17.42547035217285
19.455928802490234
18.207122802734375
16.7065372467041
18.119110107421875
19.709598541259766
16.59795570373535
18.740524291992188
16.286123275756836
16.514385223388672
24.8731689453125
14.85321044921875
15.237898826599121
21.89892578125
16.944839477539062
31.539615631103516
15.119308471679688
20.37408447265625
14.758325576782227
21.383705139160156
22.576622009277344
18.119110107421875
16.747875213623047
18.722579956054688
16.59795570373535
18.03143882751465
17.42547035217285
15.863968849182129
15.237898826599121
15.656301498413086
14.758325576782227
17.250015258789062
17.934480667114258
15.102940559387207
17.881534576416016
16.84555435180664
17.934480667114258
20.572731018066406
15.675483703613281
22.576622009277344
15.237898826599121
15.119308471679688
14.97375774383545
14.85321044921875
15.421802520751953
18.69004249572754
19.925050735473633
20.487342834472656
18.301084518432617
15.460063934326172
14.85321044921875
17.620723724365234
14.85321044921875
15.119308471679688
17.620723724365234
22.143592834472656
17.250015258789062
18.55460548400879
18.03143882751465
17.250015258789062
16.55286979675293
19.858339309692383
19.455928802490234
22.576622009277344
17.42547035217285
15.237898826599121
17.250015258789062
14.85321044921875
18.03143882751465
18.03143882751465
21.383705139160156
20.23292350769043
16.7065372467041
15.162714958190918
17.934480667114258
15.119308471679688
24.7187442779541
18.55460548400879
19.082923889160156
14.85321044921875
19.082923889160156
14.017757415771484
14.85321044921875
15.237898826599121
16.7065372467041
17.250015258789062
15.102940559387207
14.758325576782227
14.85321044921875
15.353360176086426
16.475051879882812
17.70846939086914
19.4058837890625
23.395526885986328
22.576622009277344
14.85321044921875
17.312101364135742
14.615288734436035
16.89537811279297
14.85321044921875
18.82634925842285
15.858903884887695
18.55460548400879
21.383705139160156
16.90991973876953
19.563316345214844
15.102940559387207
21.383705139160156
17.070358276367188
20.8057918548584
17.250015258789062
23.169330596923828
21.383705139160156
18.301084518432617
16.113855361938477
29.119197845458984
17.42547035217285
19.693750381469727
22.825862884521484
14.735651016235352
22.576622009277344
18.69004249572754
15.863968849182129
14.85321044921875
14.758325576782227
14.85321044921875
15.166421890258789
18.50129508972168
17.934480667114258
17.330852508544922
16.475051879882812
21.17439079284668
17.42547035217285
19.925050735473633
15.119308471679688
18.71331024169922
15.978013038635254
15.81855583190918
18.50129508972168
16.630380630493164
21.06700897216797
16.60315704345703
14.85321044921875
18.786325454711914
18.03143882751465
14.85321044921875
21.164993286132812
17.419065475463867
17.250015258789062
17.250015258789062
21.206392288208008
17.881534576416016
14.85321044921875
16.59795570373535
18.50129508972168
15.269339561462402
17.684974670410156
15.237898826599121
20.8057918548584
18.592988967895508
15.523985862731934
16.81233024597168
22.081422805786133
17.00260353088379
14.85321044921875
17.250015258789062
15.119308471679688
20.487342834472656
19.455928802490234
16.570619583129883
18.749988555908203
16.704181671142578
26.595918655395508
16.7065372467041
14.85321044921875
17.070358276367188
16.7065372467041
14.758325576782227
16.006423950195312
18.786325454711914
21.383705139160156
15.460063934326172
22.01118278503418
15.863968849182129
15.119308471679688
16.81233024597168
20.8057918548584
14.758325576782227
16.55286979675293
14.85321044921875
17.341686248779297
14.85321044921875
16.7065372467041
18.55460548400879
17.42547035217285
18.315189361572266
17.42547035217285
14.85321044921875
18.55460548400879
18.924991607666016
21.034751892089844
17.250015258789062
15.119308471679688
17.070358276367188
20.264570236206055
17.250015258789062
20.065673828125
17.250015258789062
17.11567497253418
16.573720932006836
21.38705062866211
19.455928802490234
17.250015258789062
18.207122802734375
20.264570236206055
20.518749237060547
14.85321044921875
17.42547035217285
14.758325576782227
18.03143882751465
14.85321044921875
18.02093505859375
14.97375774383545
17.934480667114258
18.262195587158203
20.518749237060547
16.43708038330078
17.250015258789062
15.825370788574219
21.383705139160156
15.119308471679688
20.00626564025879
16.63852310180664
15.27572250366211
15.460063934326172
18.71331024169922
16.59795570373535
16.068241119384766
19.455928802490234
17.419065475463867
18.862939834594727
17.42547035217285
22.01118278503418
17.317424774169922
14.85321044921875
21.014694213867188
15.237898826599121
18.55460548400879
28.521636962890625
15.119308471679688
18.119110107421875
17.42547035217285
17.070358276367188
16.7065372467041
25.35711669921875
16.59795570373535
16.113855361938477
20.91101837158203
16.59795570373535
19.455928802490234
14.85321044921875
14.85321044921875
14.85321044921875
17.250015258789062
18.55460548400879
21.383705139160156
16.43708038330078
20.518749237060547
17.250015258789062
17.213741302490234
20.91101837158203
19.925050735473633
15.079678535461426
16.63852310180664
22.524269104003906
25.102706909179688
32.595027923583984
16.656946182250977
22.662715911865234
21.89371109008789
35.91081619262695
37.48884963989258
27.105655670166016
16.349319458007812
19.102928161621094
32.595027923583984
20.724998474121094
30.680307388305664
15.55732536315918
73.25936126708984
30.035316467285156
86.52713012695312
28.226478576660156
85.60041046142578
61.12252426147461
19.186588287353516
30.673812866210938
30.67723846435547
24.45012092590332
29.208253860473633
56.94950866699219
44.68992233276367
46.789772033691406
32.22181701660156
33.45801544189453
30.365354537963867
27.992918014526367
27.841089248657227
33.24433898925781
19.09168243408203
55.686622619628906
73.33379364013672
27.652137756347656
29.03091049194336
19.09168243408203
25.102706909179688
21.075944900512695
18.666738510131836
71.81708526611328
67.8397216796875
17.825393676757812
23.488143920898438
19.09168243408203
27.343971252441406
43.420623779296875
31.68988609313965
29.598966598510742
21.254776000976562
42.224281311035156
18.157691955566406
42.04407501220703
25.040908813476562
57.59608840942383
48.77787780761719
17.824398040771484
25.632091522216797
18.666738510131836
47.53281021118164
21.587533950805664
31.784320831298828
22.271114349365234
26.06480598449707
26.697280883789062
21.1407470703125
25.509685516357422
21.57390022277832
27.534591674804688
42.350364685058594
21.650537490844727
20.362518310546875
71.47830200195312
25.102706909179688
47.26433563232422
20.809825897216797
41.17840576171875
31.289894104003906
30.186853408813477
32.03417205810547
32.595027923583984
19.035879135131836
98.82319641113281
32.595027923583984
28.964277267456055
32.595027923583984
36.047325134277344
33.39585876464844
26.58584976196289
28.032039642333984
57.97441482543945
21.650537490844727
25.519264221191406
31.336864471435547
19.09168243408203
178.50299072265625
27.534591674804688
27.110620498657227
20.454322814941406
59.0953254699707
37.258399963378906
66.05335998535156
21.231204986572266
38.04559326171875
18.69427490234375
76.83296966552734
57.00907897949219
27.105655670166016
23.47267723083496
39.177032470703125
86.22555541992188
62.5611572265625
46.868080139160156
17.85733985900879
25.102706909179688
17.845739364624023
22.99211883544922
29.505142211914062
24.9960994720459
35.62836837768555
23.581592559814453
27.43874740600586
56.99618911743164
32.92388153076172
57.97869110107422
40.19974899291992
37.449302673339844
21.23874855041504
74.20528411865234
40.310142517089844
56.99618911743164
77.46294403076172
60.967323303222656
18.20942497253418
21.657516479492188
33.13833236694336
32.595027923583984
72.53582763671875
29.34294891357422
40.86163330078125
29.34294891357422
31.23031997680664
27.225709915161133
19.09168243408203
41.420284271240234
40.26341247558594
44.75447463989258
