2.0327587127685547
1.5695934295654297
8.311683654785156
1.1423282623291016
4.085514068603516
17.615798950195312
9.129390716552734
3.4623489379882812
4.318916320800781
25.810087203979492
3.4623489379882812
0.08285713195800781
1.1362323760986328
8.70840072631836
13.790277481079102
4.318916320800781
2.0460777282714844
-1.1949901580810547
6.055408477783203
4.318916320800781
-1.1949901580810547
9.129390716552734
-1.5297393798828125
6.152008056640625
6.783773422241211
-1.7811717987060547
3.74261474609375
-1.7811717987060547
6.488258361816406
1.5695934295654297
4.865215301513672
190.32876586914062
9.066034317016602
3.298725128173828
9.449804306030273
2.283588409423828
3.298725128173828
3.4422435760498047
3.4623489379882812
-1.1949901580810547
8.894973754882812
16.347856521606445
3.2491626739501953
-1.1949901580810547
-1.5246639251708984
1.517568588256836
-1.7811717987060547
0.25311851501464844
14.280025482177734
10.771766662597656
4.318916320800781
4.02556037902832
-1.7811717987060547
4.680759429931641
3.298725128173828
68.58722686767578
6.794048309326172
4.680759429931641
3.6070613861083984
-0.0076961517333984375
3.4623489379882812
6.783773422241211
-1.7811717987060547
9.27564811706543
-1.5246639251708984
1.9209747314453125
4.685909271240234
3.4422435760498047
1.9209747314453125
-1.7811717987060547
3.74261474609375
2.2511253356933594
6.0658416748046875
-1.7811717987060547
-1.7811717987060547
3.4623489379882812
6.488258361816406
3.4422435760498047
1.5695934295654297
3.845376968383789
11.868265151977539
2.0327587127685547
4.02556037902832
1.9132156372070312
3.8038768768310547
13.470560073852539
-1.7811717987060547
0.25311851501464844
12.74075698852539
6.419763565063477
24.590011596679688
-1.1949901580810547
7.973979949951172
-1.5246639251708984
6.783773422241211
8.381317138671875
3.845376968383789
3.0690345764160156
4.972448348999023
2.0327587127685547
3.5328617095947266
3.4623489379882812
1.1942729949951172
0.25311851501464844
0.5854072570800781
-1.5246639251708984
4.318916320800781
3.298725128173828
2.0460777282714844
4.085514068603516
3.380146026611328
3.298725128173828
9.528764724731445
1.0270042419433594
8.381317138671875
0.25311851501464844
-1.1949901580810547
-0.5600452423095703
-1.7811717987060547
0.4848976135253906
6.817060470581055
9.516672134399414
8.377717971801758
4.166790008544922
0.6555805206298828
-1.7811717987060547
4.685909271240234
-1.7811717987060547
-1.1949901580810547
4.685909271240234
11.299505233764648
4.318916320800781
4.680759429931641
3.5328617095947266
4.318916320800781
1.9484634399414062
12.412384033203125
6.488258361816406
8.381317138671875
3.4623489379882812
0.25311851501464844
4.318916320800781
-1.7811717987060547
3.5328617095947266
3.5328617095947266
6.783773422241211
8.149772644042969
1.5695934295654297
0.24271202087402344
3.298725128173828
-1.1949901580810547
14.60783576965332
4.680759429931641
6.935230255126953
-1.7811717987060547
6.935230255126953
-2.5394058227539062
-1.7811717987060547
0.25311851501464844
1.5695934295654297
4.318916320800781
2.0460777282714844
-1.5246639251708984
-1.7811717987060547
0.5938129425048828
1.5792922973632812
3.2491626739501953
4.4636077880859375
15.870220184326172
8.381317138671875
-1.7811717987060547
4.55253791809082
-1.5297393798828125
1.6339759826660156
-1.7811717987060547
6.035940170288086
1.949483871459961
4.680759429931641
6.783773422241211
3.6238555908203125
8.894973754882812
2.0460777282714844
6.783773422241211
2.4499034881591797
10.557512283325195
4.318916320800781
14.614917755126953
6.783773422241211
4.166790008544922
1.1362323760986328
20.704072952270508
3.4623489379882812
11.216012954711914
13.863565444946289
-1.43310546875
8.381317138671875
6.817060470581055
1.1942729949951172
-1.7811717987060547
-1.5246639251708984
-1.7811717987060547
-0.0076904296875
2.5514373779296875
3.298725128173828
2.3050060272216797
1.5792922973632812
12.272167205810547
3.4623489379882812
9.516672134399414
-1.1949901580810547
3.6070613861083984
0.3633460998535156
1.0735054016113281
2.5514373779296875
2.1986141204833984
9.267568588256836
3.0123367309570312
-1.7811717987060547
7.284412384033203
3.5328617095947266
-1.7811717987060547
11.910720825195312
2.2511253356933594
4.318916320800781
4.318916320800781
11.742462158203125
4.085514068603516
-1.7811717987060547
2.0327587127685547
2.5514373779296875
0.26458740234375
7.697540283203125
0.25311851501464844
10.557512283325195
6.610420227050781
0.3406200408935547
1.0827198028564453
13.411687850952148
4.743133544921875
-1.7811717987060547
4.318916320800781
-1.1949901580810547
8.377717971801758
6.488258361816406
2.8577880859375
5.4403076171875
2.0150833129882812
20.35565948486328
1.5695934295654297
-1.7811717987060547
2.4499034881591797
1.5695934295654297
-1.5246639251708984
1.3016891479492188
7.284412384033203
6.783773422241211
0.6555805206298828
7.499610900878906
1.1942729949951172
-1.1949901580810547
1.0827198028564453
10.557512283325195
-1.5246639251708984
1.9484634399414062
-1.7811717987060547
3.9607391357421875
-1.7811717987060547
1.5695934295654297
4.680759429931641
3.4623489379882812
6.152008056640625
3.4623489379882812
-1.7811717987060547
4.680759429931641
7.460960388183594
9.399017333984375
4.318916320800781
-1.1949901580810547
2.4499034881591797
7.742341995239258
4.318916320800781
8.70840072631836
4.318916320800781
17.491485595703125
3.7272720336914062
12.288715362548828
6.488258361816406
4.318916320800781
3.4422435760498047
7.742341995239258
9.674543380737305
-1.7811717987060547
3.4623489379882812
-1.5246639251708984
3.5328617095947266
-1.7811717987060547
5.969423294067383
-0.5600452423095703
3.298725128173828
4.899282455444336
9.674543380737305
19.265422821044922
4.318916320800781
1.101593017578125
6.783773422241211
-1.1949901580810547
9.88620376586914
1.1423282623291016
-0.0076961517333984375
0.6555805206298828
3.6070613861083984
2.0327587127685547
2.543607711791992
6.488258361816406
2.2511253356933594
7.17451286315918
3.4623489379882812
7.499610900878906
3.74261474609375
-1.7811717987060547
9.23141860961914
0.25311851501464844
4.680759429931641
21.575824737548828
-1.1949901580810547
3.845376968383789
3.4623489379882812
2.4499034881591797
1.5695934295654297
15.218387603759766
2.0327587127685547
1.1362323760986328
9.129390716552734
2.0327587127685547
6.488258361816406
-1.7811717987060547
-1.7811717987060547
-1.7811717987060547
4.318916320800781
4.680759429931641
6.783773422241211
19.265422821044922
9.674543380737305
4.318916320800781
4.115848541259766
9.129390716552734
9.516672134399414
0.20452117919921875
1.1423282623291016
9.304256439208984
10.271738052368164
26.441204071044922
2.642131805419922
8.941551208496094
6.993467330932617
32.03260040283203
28.265361785888672
17.452402114868164
1.9514503479003906
1.3503684997558594
26.441204071044922
7.387752532958984
23.71023941040039
4.038555145263672
57.92356872558594
24.291061401367188
71.18587493896484
19.7574462890625
71.21898651123047
44.78126525878906
3.55499267578125
22.469642639160156
19.99186897277832
10.164718627929688
19.304162979125977
45.39303207397461
34.166297912597656
42.224884033203125
21.911334991455078
27.459003448486328
22.119068145751953
21.017656326293945
19.59271240234375
25.47394371032715
1.2203903198242188
46.21524429321289
57.99683380126953
17.195281982421875
19.716224670410156
1.2203903198242188
10.271738052368164
5.145671844482422
2.6069412231445312
56.05495834350586
57.8133659362793
-0.45767974853515625
10.467397689819336
1.2203903198242188
14.319526672363281
35.55289077758789
22.511356353759766
20.9797306060791
7.753255844116211
37.21049499511719
0.9803314208984375
36.204994201660156
16.03170394897461
47.309844970703125
40.81529998779297
-0.9041748046875
11.144298553466797
2.6069412231445312
41.93754577636719
8.184206008911133
25.819997787475586
10.697805404663086
15.857536315917969
18.230819702148438
5.403217315673828
15.76127815246582
6.139656066894531
15.55656623840332
37.3983154296875
6.2436676025390625
7.605735778808594
56.659236907958984
10.271738052368164
41.02135467529297
10.814327239990234
31.54159927368164
22.840341567993164
23.458293914794922
24.82984161376953
26.441204071044922
2.936279296875
99.7430648803711
26.441204071044922
22.51628303527832
26.441204071044922
28.832164764404297
28.090145111083984
27.620798110961914
19.97573471069336
46.29051971435547
6.2436676025390625
10.785545349121094
21.49883460998535
1.2203903198242188
133.10739135742188
15.55656623840332
15.742055892944336
4.101367950439453
47.03579330444336
29.245220184326172
54.52751922607422
7.332780838012695
33.695091247558594
1.9930992126464844
61.69338607788086
45.51968002319336
17.452402114868164
11.460922241210938
34.85844421386719
71.00436401367188
52.08351135253906
26.793716430664062
-0.27391815185546875
10.271738052368164
-0.6447944641113281
11.249515533447266
18.90470314025879
12.959192276000977
25.589340209960938
12.827430725097656
15.917425155639648
45.387908935546875
27.118423461914062
47.11708068847656
34.49121856689453
32.39759826660156
5.142621994018555
58.55113983154297
35.08342742919922
45.387908935546875
65.79457092285156
48.289100646972656
1.8231086730957031
11.90285873413086
25.87628173828125
26.441204071044922
57.354209899902344
20.006189346313477
30.338958740234375
20.006189346313477
24.913814544677734
18.952014923095703
1.2203903198242188
30.497234344482422
30.117063522338867
40.775733947753906
