26.799272537231445
27.140487670898438
27.19590187072754
27.24273109436035
27.331928253173828
36.75940704345703
29.833667755126953
26.799152374267578
26.391551971435547
31.271934509277344
26.799152374267578
26.081056594848633
26.257234573364258
27.806110382080078
28.126447677612305
26.391551971435547
25.62788963317871
26.14553451538086
26.58953094482422
26.391551971435547
26.14553451538086
29.833667755126953
25.75835609436035
26.89152717590332
33.15345764160156
26.12102699279785
26.917766571044922
26.12102699279785
28.33349609375
27.140487670898438
26.736488342285156
358.30096435546875
27.270601272583008
27.816722869873047
27.385963439941406
27.473201751708984
27.816722869873047
28.2616024017334
26.799152374267578
26.14553451538086
27.385541915893555
34.69927215576172
27.61621856689453
26.14553451538086
25.908184051513672
25.82572364807129
26.12102699279785
25.931303024291992
37.48582458496094
30.13672637939453
26.391551971435547
29.443153381347656
26.12102699279785
28.006389617919922
27.816722869873047
83.04783630371094
27.332332611083984
28.006389617919922
29.532556533813477
26.011171340942383
26.799152374267578
33.15345764160156
26.12102699279785
35.713958740234375
25.908184051513672
26.39447021484375
26.675289154052734
28.2616024017334
26.39447021484375
26.12102699279785
26.917766571044922
27.511554718017578
26.9599666595459
26.12102699279785
26.12102699279785
26.799152374267578
28.33349609375
28.2616024017334
27.140487670898438
27.6914119720459
27.779258728027344
26.799272537231445
29.443153381347656
26.384899139404297
25.862171173095703
36.25028610229492
26.12102699279785
25.931303024291992
30.00777244567871
26.333221435546875
36.14271926879883
26.14553451538086
29.443498611450195
25.908184051513672
33.15345764160156
35.51991271972656
27.6914119720459
26.528350830078125
28.084808349609375
26.799272537231445
27.817758560180664
26.799152374267578
26.112308502197266
25.931303024291992
26.17028045654297
25.908184051513672
26.391551971435547
27.816722869873047
25.62788963317871
27.331928253173828
26.367420196533203
27.816722869873047
28.0506591796875
26.080394744873047
35.51991271972656
25.931303024291992
26.14553451538086
25.848983764648438
26.12102699279785
26.535938262939453
27.06102180480957
27.43869400024414
29.709997177124023
27.86252212524414
26.049190521240234
26.12102699279785
26.675289154052734
26.12102699279785
26.14553451538086
26.675289154052734
30.20916748046875
26.391551971435547
28.006389617919922
27.817758560180664
26.391551971435547
26.690149307250977
26.939083099365234
28.33349609375
35.51991271972656
26.799152374267578
25.931303024291992
26.391551971435547
26.12102699279785
27.817758560180664
27.817758560180664
33.15345764160156
27.9993953704834
27.140487670898438
25.801841735839844
27.816722869873047
26.14553451538086
34.374717712402344
28.006389617919922
27.429515838623047
26.12102699279785
27.429515838623047
25.539716720581055
26.12102699279785
25.931303024291992
27.140487670898438
26.391551971435547
25.62788963317871
25.908184051513672
26.12102699279785
25.86211585998535
26.613964080810547
27.61621856689453
29.808637619018555
28.830522537231445
35.51991271972656
26.12102699279785
26.71251678466797
25.75835609436035
27.490449905395508
26.12102699279785
27.452016830444336
26.053691864013672
28.006389617919922
33.15345764160156
26.07687759399414
27.385541915893555
25.62788963317871
33.15345764160156
26.835216522216797
28.519630432128906
26.391551971435547
29.244617462158203
33.15345764160156
27.86252212524414
26.257234573364258
40.32508087158203
26.799152374267578
27.68484878540039
29.840129852294922
26.52897834777832
35.51991271972656
27.06102180480957
26.112308502197266
26.12102699279785
25.908184051513672
26.12102699279785
25.861345291137695
29.614974975585938
27.816722869873047
27.42586898803711
26.613964080810547
29.679250717163086
26.799152374267578
27.43869400024414
26.14553451538086
29.532556533813477
26.484882354736328
26.263809204101562
29.614974975585938
26.555335998535156
29.812334060668945
26.03028106689453
26.12102699279785
26.900096893310547
27.817758560180664
26.12102699279785
28.154298782348633
27.511554718017578
26.391551971435547
26.391551971435547
27.83428955078125
27.331928253173828
26.12102699279785
26.799272537231445
29.614974975585938
25.923486709594727
27.812519073486328
25.931303024291992
28.519630432128906
27.108531951904297
25.939966201782227
27.461776733398438
28.294828414916992
26.74266815185547
26.12102699279785
26.391551971435547
26.14553451538086
29.709997177124023
28.33349609375
26.496822357177734
28.016151428222656
27.144947052001953
32.275245666503906
27.140487670898438
26.12102699279785
26.835216522216797
27.140487670898438
25.908184051513672
26.257722854614258
26.900096893310547
33.15345764160156
26.049190521240234
33.70839309692383
26.112308502197266
26.14553451538086
27.461776733398438
28.519630432128906
25.908184051513672
26.690149307250977
26.12102699279785
26.663436889648438
26.12102699279785
27.140487670898438
28.006389617919922
26.799152374267578
26.89152717590332
26.799152374267578
26.12102699279785
28.006389617919922
27.019145965576172
29.841489791870117
26.391551971435547
26.14553451538086
26.835216522216797
29.45488739013672
26.391551971435547
27.806110382080078
26.391551971435547
26.458633422851562
26.28783416748047
29.813213348388672
28.33349609375
26.391551971435547
28.2616024017334
29.45488739013672
28.541828155517578
26.12102699279785
26.799152374267578
25.908184051513672
27.817758560180664
26.12102699279785
26.769935607910156
25.848983764648438
27.816722869873047
27.309001922607422
28.541828155517578
26.434276580810547
26.391551971435547
26.260377883911133
33.15345764160156
26.14553451538086
27.490224838256836
27.24273109436035
26.011171340942383
26.049190521240234
29.532556533813477
26.799272537231445
25.870412826538086
28.33349609375
27.511554718017578
27.023956298828125
26.799152374267578
33.70839309692383
26.917766571044922
26.12102699279785
29.693025588989258
25.931303024291992
28.006389617919922
38.70186996459961
26.14553451538086
27.6914119720459
26.799152374267578
26.835216522216797
27.140487670898438
34.3807487487793
26.799272537231445
26.257234573364258
29.833667755126953
26.799272537231445
28.33349609375
26.12102699279785
26.12102699279785
26.12102699279785
26.391551971435547
28.006389617919922
33.15345764160156
26.434276580810547
28.541828155517578
26.391551971435547
29.378620147705078
29.833667755126953
27.43869400024414
25.881092071533203
27.24273109436035
33.39413070678711
35.136077880859375
38.93799591064453
26.22881317138672
33.00381851196289
32.84267807006836
39.79807662963867
48.38859558105469
34.14711380004883
26.27159881591797
32.282772064208984
38.93799591064453
31.087032318115234
37.68815612792969
27.019325256347656
96.22457122802734
35.79838943481445
108.4225082397461
36.72053909301758
102.56214904785156
79.3274154663086
31.55721664428711
38.799110412597656
40.01029968261719
35.20940399169922
37.765869140625
75.87516784667969
55.632137298583984
53.214237213134766
39.99980545043945
37.475364685058594
39.12600326538086
35.00840759277344
34.70473861694336
41.76545715332031
31.094919204711914
67.92716979980469
96.34535217285156
36.46708679199219
37.59770965576172
31.094919204711914
35.136077880859375
32.606056213378906
30.414466857910156
95.28559875488281
86.15068054199219
30.910776138305664
33.31359100341797
31.094919204711914
35.439109802246094
51.791778564453125
39.67774200439453
38.67995834350586
31.212181091308594
46.80426788330078
30.62778091430664
49.92329025268555
33.182594299316406
75.87541961669922
58.73032760620117
31.268840789794922
37.81040954589844
30.414466857910156
55.96615219116211
31.545238494873047
37.75904846191406
32.33699035644531
34.095035552978516
34.2808952331543
34.90462112426758
32.51413345336914
32.865577697753906
36.35482406616211
46.90243911743164
32.81399917602539
30.391780853271484
96.56415557861328
35.136077880859375
57.502872467041016
30.636734008789062
50.33195495605469
37.766517639160156
37.0390739440918
39.40978240966797
38.93799591064453
31.200546264648438
102.85594177246094
38.93799591064453
34.690895080566406
38.93799591064453
42.463768005371094
39.29694366455078
33.618873596191406
34.76322555541992
77.23136138916016
32.81399917602539
36.403907775878906
39.73963165283203
31.094919204711914
295.7757263183594
36.35482406616211
35.31711196899414
32.28396224975586
79.23387908935547
46.282012939453125
88.23116302490234
32.22856521606445
43.49654006958008
31.05642318725586
98.26280975341797
75.69609069824219
34.14711380004883
32.651058197021484
43.51285934448242
108.12053680419922
80.92520141601562
68.47957611083984
30.944744110107422
35.136077880859375
30.836740493774414
32.66969299316406
39.04082107543945
34.13090133666992
44.080814361572266
32.94157409667969
35.87594223022461
75.92936706542969
39.21005630493164
75.8702392578125
43.882259368896484
42.62179946899414
33.181304931640625
99.8838119506836
46.75676727294922
75.92936706542969
94.24806213378906
81.9864501953125
30.48974609375
32.81111145019531
40.854766845703125
38.93799591064453
95.12162780761719
36.94437789916992
50.47412109375
36.94437789916992
38.18181228637695
35.87339782714844
31.094919204711914
51.45054626464844
49.25926208496094
50.9348258972168
