25.163658142089844
25.476165771484375
25.98336410522461
25.55637550354004
25.828460693359375
34.62831115722656
28.391576766967773
25.258872985839844
24.940828323364258
30.277790069580078
25.258872985839844
24.44085693359375
24.651470184326172
26.573444366455078
27.21746826171875
24.940828323364258
23.950716018676758
24.445554733276367
25.304597854614258
24.940828323364258
24.445554733276367
28.391576766967773
24.02423095703125
25.52391815185547
30.941993713378906
24.382143020629883
25.37815284729004
24.382143020629883
26.931957244873047
25.476165771484375
25.16998863220215
332.95751953125
26.101591110229492
26.252002716064453
26.24237823486328
25.862319946289062
26.252002716064453
26.66404914855957
25.258872985839844
24.445554733276367
26.17557716369629
32.977386474609375
26.045780181884766
24.445554733276367
24.18393325805664
24.278003692626953
24.382143020629883
24.277204513549805
34.87797546386719
28.77332305908203
24.940828323364258
27.70351791381836
24.382143020629883
26.50483512878418
26.252002716064453
80.31588745117188
26.00686264038086
26.50483512878418
27.771730422973633
24.334714889526367
25.258872985839844
30.941993713378906
24.382143020629883
33.221309661865234
24.18393325805664
24.83865737915039
25.269729614257812
26.66404914855957
24.83865737915039
24.382143020629883
25.37815284729004
25.914939880371094
25.611316680908203
24.382143020629883
24.382143020629883
25.258872985839844
26.931957244873047
26.66404914855957
25.476165771484375
26.174762725830078
26.374849319458008
25.163658142089844
27.70351791381836
24.80902099609375
24.39609146118164
33.9652214050293
24.382143020629883
24.277204513549805
28.644563674926758
24.843904495239258
35.10218048095703
24.445554733276367
27.97845458984375
24.18393325805664
30.941993713378906
32.96475601196289
26.174762725830078
24.921443939208984
26.597023010253906
25.163658142089844
26.270095825195312
25.258872985839844
24.532703399658203
24.277204513549805
24.494155883789062
24.18393325805664
24.940828323364258
26.252002716064453
23.950716018676758
25.828460693359375
24.87574005126953
26.252002716064453
26.86265754699707
24.464733123779297
32.96475601196289
24.277204513549805
24.445554733276367
24.160612106323242
24.382143020629883
24.798542022705078
25.76897430419922
26.264060974121094
28.186792373657227
26.353713989257812
24.397024154663086
24.382143020629883
25.269729614257812
24.382143020629883
24.445554733276367
25.269729614257812
28.89722442626953
24.940828323364258
26.50483512878418
26.270095825195312
24.940828323364258
25.062326431274414
25.63878631591797
26.931957244873047
32.96475601196289
25.258872985839844
24.277204513549805
24.940828323364258
24.382143020629883
26.270095825195312
26.270095825195312
30.941993713378906
26.630746841430664
25.476165771484375
24.14975357055664
26.252002716064453
24.445554733276367
32.48489761352539
26.50483512878418
26.029626846313477
24.382143020629883
26.029626846313477
23.751224517822266
24.382143020629883
24.277204513549805
25.476165771484375
24.940828323364258
23.950716018676758
24.18393325805664
24.382143020629883
24.244638442993164
25.025432586669922
26.045780181884766
28.125389099121094
27.981155395507812
32.96475601196289
24.382143020629883
25.23650360107422
24.02423095703125
25.81507110595703
24.382143020629883
26.089853286743164
24.475353240966797
26.50483512878418
30.941993713378906
24.67459487915039
26.17557716369629
23.950716018676758
30.941993713378906
25.27161979675293
27.269039154052734
24.940828323364258
28.226167678833008
30.941993713378906
26.353713989257812
24.651470184326172
37.77623748779297
25.258872985839844
26.374177932739258
28.68170928955078
24.697038650512695
32.96475601196289
25.76897430419922
24.532703399658203
24.382143020629883
24.18393325805664
24.382143020629883
24.20781707763672
27.804391860961914
26.252002716064453
25.819618225097656
25.025432586669922
28.25751495361328
25.258872985839844
26.264060974121094
24.445554733276367
27.771730422973633
24.83542251586914
24.616281509399414
27.804391860961914
24.993162155151367
28.395462036132812
24.578304290771484
24.382143020629883
25.632652282714844
26.270095825195312
24.382143020629883
27.062610626220703
25.914939880371094
24.940828323364258
24.940828323364258
26.81264877319336
25.828460693359375
24.382143020629883
25.163658142089844
27.804391860961914
24.277896881103516
26.126371383666992
24.277204513549805
27.269039154052734
25.798938751220703
24.31982421875
25.75861358642578
27.328258514404297
25.17150115966797
24.382143020629883
24.940828323364258
24.445554733276367
28.186792373657227
26.931957244873047
24.90311622619629
26.529720306396484
25.404041290283203
31.26833724975586
25.476165771484375
24.382143020629883
25.27161979675293
25.476165771484375
24.18393325805664
24.63993263244629
25.632652282714844
30.941993713378906
24.397024154663086
31.513080596923828
24.532703399658203
24.445554733276367
25.75861358642578
27.269039154052734
24.18393325805664
25.062326431274414
24.382143020629883
25.22187042236328
24.382143020629883
25.476165771484375
26.50483512878418
25.258872985839844
25.52391815185547
25.258872985839844
24.382143020629883
26.50483512878418
25.766834259033203
28.418407440185547
24.940828323364258
24.445554733276367
25.27161979675293
27.97633934020996
24.940828323364258
26.573444366455078
24.940828323364258
24.689313888549805
24.77379035949707
28.40097427368164
26.931957244873047
24.940828323364258
26.66404914855957
27.97633934020996
27.255685806274414
24.382143020629883
25.258872985839844
24.18393325805664
26.270095825195312
24.382143020629883
25.31505584716797
24.160612106323242
26.252002716064453
25.83540153503418
27.255685806274414
24.502574920654297
24.940828323364258
24.625253677368164
30.941993713378906
24.445554733276367
26.31751251220703
25.55637550354004
24.334714889526367
24.397024154663086
27.771730422973633
25.163658142089844
24.30364227294922
26.931957244873047
25.914939880371094
25.77109718322754
25.258872985839844
31.513080596923828
25.37815284729004
24.382143020629883
28.293027877807617
24.277204513549805
26.50483512878418
36.382408142089844
24.445554733276367
26.174762725830078
25.258872985839844
25.27161979675293
25.476165771484375
32.63818359375
25.163658142089844
24.651470184326172
28.391576766967773
25.163658142089844
26.931957244873047
24.382143020629883
24.382143020629883
24.382143020629883
24.940828323364258
26.50483512878418
30.941993713378906
24.502574920654297
27.255685806274414
24.940828323364258
27.399394989013672
28.391576766967773
26.264060974121094
24.181167602539062
25.55637550354004
31.333324432373047
33.651885986328125
37.61444091796875
24.753541946411133
31.33486557006836
31.081647872924805
39.029361724853516
46.202781677246094
33.065853118896484
24.735719680786133
30.23579216003418
37.61444091796875
29.440019607543945
36.395450592041016
25.196487426757812
90.74708557128906
34.77186584472656
103.14399719238281
34.9693603515625
98.89393615722656
75.26859283447266
29.50189208984375
37.39335632324219
38.3243408203125
33.49106216430664
36.49712371826172
71.0548324584961
53.514286041259766
51.781620025634766
38.75600814819336
36.83741760253906
37.50355911254883
33.73651885986328
33.55513000488281
40.13467788696289
29.14580535888672
65.19187927246094
90.85563659667969
35.17512512207031
36.143707275390625
29.14580535888672
33.651885986328125
30.759414672851562
28.601226806640625
89.31636810302734
81.24535369873047
28.857593536376953
31.70072364807129
29.14580535888672
34.01692199707031
50.12529754638672
38.22772216796875
37.18045425415039
29.61332893371582
46.119415283203125
28.64853858947754
48.15229415893555
31.791553497314453
71.12970733642578
56.57164001464844
29.147165298461914
35.7165641784668
28.601226806640625
54.08002471923828
29.934595108032227
36.63719940185547
30.69709014892578
32.810951232910156
32.98269271850586
32.6324348449707
31.456010818481445
31.05327033996582
34.95399475097656
46.21112060546875
31.021240234375
28.76013946533203
90.33116149902344
33.651885986328125
55.00696563720703
29.05675506591797
48.581504821777344
36.73398208618164
35.79332733154297
38.099910736083984
37.61444091796875
29.26304817199707
101.44806671142578
37.61444091796875
33.765037536621094
37.61444091796875
41.290687561035156
38.175697326660156
32.44159698486328
33.60127639770508
72.40647888183594
31.021240234375
34.40082931518555
38.378353118896484
29.14580535888672
267.01092529296875
34.95399475097656
33.97444152832031
30.464399337768555
74.2851791381836
44.45352554321289
82.46597290039062
30.399452209472656
42.35264587402344
29.088964462280273
93.43130493164062
70.95911407470703
33.065853118896484
31.113086700439453
42.68403244018555
102.86946105957031
76.10088348388672
65.10877227783203
28.885311126708984
33.651885986328125
28.804927825927734
31.12436866760254
37.52451705932617
32.604736328125
42.54556655883789
31.392154693603516
34.43629455566406
71.12165832519531
37.881832122802734
71.48258972167969
43.4769287109375
41.61211395263672
31.338693618774414
93.50387573242188
45.3554801940918
71.12165832519531
89.56368255615234
76.83731079101562
28.507028579711914
30.950368881225586
39.47240447998047
37.61444091796875
89.7667236328125
35.794857025146484
48.64194869995117
35.794857025146484
36.772281646728516
34.36184310913086
29.14580535888672
49.57146453857422
47.57191848754883
49.59733963012695
