30.33213996887207
30.938730239868164
29.876567840576172
30.89255714416504
30.75433349609375
42.0966911315918
33.102134704589844
30.210128784179688
29.654964447021484
33.76891326904297
30.210128784179688
29.712905883789062
29.854082107543945
30.532649993896484
30.131837844848633
29.654964447021484
29.429061889648438
29.908973693847656
29.40803337097168
29.654964447021484
29.908973693847656
33.102134704589844
29.631824493408203
29.963871002197266
38.650699615478516
29.999412536621094
30.278156280517578
29.999412536621094
31.317289352416992
30.938730239868164
30.30597686767578
457.0257568359375
29.82426643371582
31.394250869750977
29.88279151916504
31.132709503173828
31.394250869750977
31.694053649902344
30.210128784179688
29.908973693847656
30.07330894470215
39.19342803955078
31.15190315246582
29.908973693847656
29.75264549255371
29.26714324951172
29.999412536621094
29.589426040649414
43.88003158569336
33.208229064941406
29.654964447021484
33.31941223144531
29.999412536621094
31.40966033935547
31.394250869750977
97.91718292236328
30.20646858215332
31.40966033935547
33.46353530883789
29.803070068359375
30.210128784179688
38.650699615478516
29.999412536621094
42.04500961303711
29.75264549255371
29.853557586669922
29.802289962768555
31.694053649902344
29.853557586669922
29.999412536621094
30.278156280517578
31.13825225830078
29.88656997680664
29.999412536621094
29.999412536621094
30.210128784179688
31.317289352416992
31.694053649902344
30.938730239868164
31.113224029541016
30.978511810302734
30.33213996887207
33.31941223144531
29.93052101135254
29.117456436157227
42.116127014160156
29.999412536621094
29.589426040649414
32.94969177246094
29.622955322265625
38.6653938293457
29.908973693847656
32.71834182739258
29.75264549255371
38.650699615478516
41.92207336425781
31.113224029541016
30.215560913085938
31.47974967956543
30.33213996887207
31.35044288635254
30.210128784179688
29.593517303466797
29.589426040649414
30.018625259399414
29.75264549255371
29.654964447021484
31.394250869750977
29.429061889648438
30.75433349609375
29.715957641601562
31.394250869750977
30.67909049987793
29.713319778442383
41.92207336425781
29.589426040649414
29.908973693847656
29.64337730407715
29.999412536621094
30.45438003540039
29.89212417602539
29.981731414794922
33.10846710205078
31.28445053100586
29.797758102416992
29.999412536621094
29.802289962768555
29.999412536621094
29.908973693847656
29.802289962768555
33.13149642944336
29.654964447021484
31.40966033935547
31.35044288635254
29.654964447021484
30.219074249267578
30.033761978149414
31.317289352416992
41.92207336425781
30.210128784179688
29.589426040649414
29.654964447021484
29.999412536621094
31.35044288635254
31.35044288635254
38.650699615478516
31.241413116455078
30.938730239868164
29.509262084960938
31.394250869750977
29.908973693847656
39.19150924682617
31.40966033935547
30.579387664794922
29.999412536621094
30.579387664794922
29.60002326965332
29.999412536621094
29.589426040649414
30.938730239868164
29.654964447021484
29.429061889648438
29.75264549255371
29.999412536621094
29.476491928100586
30.119157791137695
31.15190315246582
33.59596633911133
30.680194854736328
41.92207336425781
29.999412536621094
29.854764938354492
29.631824493408203
31.269668579101562
29.999412536621094
30.49685287475586
29.58446502685547
31.40966033935547
38.650699615478516
29.158397674560547
30.07330894470215
29.429061889648438
38.650699615478516
30.38629150390625
31.159912109375
29.654964447021484
31.5339298248291
38.650699615478516
31.28445053100586
29.854082107543945
46.67974090576172
30.210128784179688
30.704322814941406
32.438724517822266
30.640979766845703
41.92207336425781
29.89212417602539
29.593517303466797
29.999412536621094
29.75264549255371
29.999412536621094
29.562416076660156
33.68628692626953
31.394250869750977
31.092702865600586
30.119157791137695
32.771507263183594
30.210128784179688
29.981731414794922
29.908973693847656
33.46353530883789
30.149219512939453
30.00309181213379
33.68628692626953
30.037487030029297
32.9681510925293
29.228839874267578
29.999412536621094
29.649372100830078
31.35044288635254
29.999412536621094
30.579702377319336
31.13825225830078
29.654964447021484
29.654964447021484
30.049922943115234
30.75433349609375
29.999412536621094
30.33213996887207
33.68628692626953
29.558265686035156
31.728063583374023
29.589426040649414
31.159912109375
29.951990127563477
29.582565307617188
31.352863311767578
30.43849754333496
30.3355655670166
29.999412536621094
29.654964447021484
29.908973693847656
33.10846710205078
31.317289352416992
29.994487762451172
31.34505271911621
31.22410011291504
34.5592155456543
30.938730239868164
29.999412536621094
30.38629150390625
30.938730239868164
29.75264549255371
29.94402313232422
29.649372100830078
38.650699615478516
29.797758102416992
39.199588775634766
29.593517303466797
29.908973693847656
31.352863311767578
31.159912109375
29.75264549255371
30.219074249267578
29.999412536621094
29.82386016845703
29.999412536621094
30.938730239868164
31.40966033935547
30.210128784179688
29.963871002197266
30.210128784179688
29.999412536621094
31.40966033935547
29.73287010192871
33.064537048339844
29.654964447021484
29.908973693847656
30.38629150390625
32.79273223876953
29.654964447021484
30.532649993896484
29.654964447021484
30.586610794067383
29.711483001708984
32.871891021728516
31.317289352416992
29.654964447021484
31.694053649902344
32.79273223876953
31.287071228027344
29.999412536621094
30.210128784179688
29.75264549255371
31.35044288635254
29.999412536621094
30.0872859954834
29.64337730407715
31.394250869750977
30.502164840698242
31.287071228027344
30.942052841186523
29.654964447021484
29.968395233154297
38.650699615478516
29.908973693847656
30.11623191833496
30.89255714416504
29.803070068359375
29.797758102416992
33.46353530883789
30.33213996887207
29.379962921142578
31.317289352416992
31.13825225830078
29.78609275817871
30.210128784179688
39.199588775634766
30.278156280517578
29.999412536621094
32.825504302978516
29.589426040649414
31.40966033935547
44.47299575805664
29.908973693847656
31.113224029541016
30.210128784179688
30.38629150390625
30.938730239868164
38.8948974609375
30.33213996887207
29.854082107543945
33.102134704589844
30.33213996887207
31.317289352416992
29.999412536621094
29.999412536621094
29.999412536621094
29.654964447021484
31.40966033935547
38.650699615478516
30.942052841186523
31.287071228027344
29.654964447021484
33.84624481201172
33.102134704589844
29.981731414794922
29.69972801208496
30.89255714416504
38.6225471496582
38.42731857299805
42.1695671081543
29.47601318359375
37.035400390625
37.08979797363281
41.74348068237305
55.36975860595703
36.3486328125
29.65351676940918
37.06755447387695
42.1695671081543
34.84695816040039
41.000389099121094
31.23263931274414
117.98199462890625
38.23986053466797
136.39779663085938
41.01605224609375
121.41639709472656
92.23856353759766
36.42261505126953
41.96613311767578
44.53433609008789
39.2905158996582
40.3962287902832
97.05387878417969
61.81394577026367
57.685237884521484
42.98131561279297
39.00115966796875
43.26557540893555
38.13888931274414
37.34554672241211
45.643402099609375
35.61461639404297
76.4463882446289
118.1673583984375
39.13785934448242
40.81082534790039
35.61461639404297
38.42731857299805
37.002010345458984
34.517295837402344
118.81085968017578
106.41148376464844
35.67255783081055
37.190032958984375
35.61461639404297
38.89375305175781
56.78178787231445
43.180274963378906
41.918312072753906
34.74401092529297
48.86117172241211
35.190399169921875
55.56501388549805
36.50062942504883
96.43944549560547
65.37014770507812
36.2053337097168
42.9744758605957
34.517295837402344
61.790000915527344
35.25196075439453
40.63414764404297
36.225337982177734
37.181095123291016
37.377803802490234
40.37586975097656
34.804466247558594
37.201629638671875
39.38803482055664
48.99415588378906
37.1280403137207
34.1903076171875
120.21172332763672
38.42731857299805
66.03035736083984
34.34515380859375
55.443695068359375
40.09031677246094
40.028079986572266
42.43996047973633
42.1695671081543
35.7255859375
113.33793640136719
42.1695671081543
36.707401275634766
42.1695671081543
45.584136962890625
42.20769500732422
36.09708023071289
37.5631103515625
98.59436798095703
37.1280403137207
41.400901794433594
42.78091049194336
35.61461639404297
436.2367858886719
39.38803482055664
38.237937927246094
36.43712615966797
98.30850982666016
51.62400817871094
112.52751922607422
36.43166732788086
46.66764831542969
35.63039779663086
118.25294494628906
96.60799407958984
36.3486328125
36.22715759277344
45.807640075683594
135.9183349609375
102.43327331542969
77.12916564941406
35.72251892089844
38.42731857299805
35.50687026977539
36.28506088256836
42.346553802490234
37.76713180541992
48.02696228027344
36.625919342041016
39.03591537475586
97.0899887084961
42.45099639892578
95.72156524658203
45.230430603027344
45.3472900390625
37.386863708496094
124.23194122314453
50.41994857788086
97.0899887084961
115.5198745727539
101.859619140625
35.0873908996582
37.16276931762695
44.22977066040039
42.1695671081543
116.21611785888672
39.369346618652344
55.87570571899414
39.369346618652344
41.50307846069336
39.59142303466797
35.61461639404297
56.819026947021484
54.11141586303711
54.96722412109375
