19.004196166992188
19.214393615722656
21.236961364746094
19.158159255981445
20.17300033569336
28.58001708984375
23.007137298583984
19.599063873291016
19.419647216796875
27.320755004882812
19.599063873291016
18.062000274658203
18.553508758544922
21.929182052612305
23.668411254882812
19.419647216796875
17.59269905090332
17.836589813232422
20.258007049560547
19.419647216796875
17.836589813232422
23.007137298583984
17.33063507080078
20.347991943359375
24.029787063598633
17.626602172851562
19.578632354736328
17.626602172851562
21.578567504882812
19.214393615722656
19.230609893798828
274.91259765625
21.568208694458008
20.323287963867188
21.779197692871094
19.773801803588867
20.323287963867188
20.60662078857422
19.599063873291016
17.836589813232422
21.473278045654297
27.815561294555664
20.086406707763672
17.836589813232422
17.491466522216797
18.266613006591797
17.626602172851562
17.850160598754883
27.450519561767578
23.709026336669922
19.419647216796875
21.215187072753906
17.626602172851562
20.824888229370117
20.323287963867188
74.66712951660156
20.882061004638672
20.824888229370117
21.218353271484375
17.87198829650879
19.599063873291016
24.029787063598633
17.626602172851562
25.776084899902344
17.491466522216797
18.803863525390625
19.820209503173828
20.60662078857422
18.803863525390625
17.626602172851562
19.578632354736328
19.871543884277344
20.355670928955078
17.626602172851562
17.626602172851562
19.599063873291016
21.578567504882812
20.60662078857422
19.214393615722656
20.428646087646484
21.423934936523438
19.004196166992188
21.215187072753906
18.736093521118164
18.75746726989746
27.200071334838867
17.626602172851562
17.850160598754883
23.741920471191406
19.147842407226562
32.322776794433594
17.836589813232422
22.50522804260254
17.491466522216797
24.029787063598633
25.292308807373047
20.428646087646484
18.992137908935547
20.972183227539062
19.004196166992188
20.399314880371094
19.599063873291016
18.383031845092773
17.850160598754883
18.190303802490234
17.491466522216797
19.419647216796875
20.323287963867188
17.59269905090332
20.17300033569336
19.147083282470703
20.323287963867188
22.368144989013672
18.218050003051758
25.292308807373047
17.850160598754883
17.836589813232422
17.622358322143555
17.626602172851562
18.15028190612793
20.74310302734375
21.74115753173828
22.607105255126953
20.608598709106445
18.028770446777344
17.626602172851562
19.820209503173828
17.626602172851562
17.836589813232422
19.820209503173828
24.012685775756836
19.419647216796875
20.824888229370117
20.399314880371094
19.419647216796875
18.943344116210938
21.31985855102539
21.578567504882812
25.292308807373047
19.599063873291016
17.850160598754883
19.419647216796875
17.626602172851562
20.399314880371094
20.399314880371094
24.029787063598633
21.956233978271484
19.214393615722656
17.752151489257812
20.323287963867188
17.836589813232422
26.755313873291016
20.824888229370117
20.989810943603516
17.626602172851562
20.989810943603516
16.84199333190918
17.626602172851562
17.850160598754883
19.214393615722656
19.419647216796875
17.59269905090332
17.491466522216797
17.626602172851562
17.936805725097656
18.93575668334961
20.086406707763672
21.833393096923828
24.703807830810547
25.292308807373047
17.626602172851562
19.560466766357422
17.33063507080078
19.445152282714844
17.626602172851562
20.922197341918945
18.35125160217285
20.824888229370117
24.029787063598633
19.16819190979004
21.473278045654297
17.59269905090332
24.029787063598633
19.41461181640625
22.60588836669922
19.419647216796875
24.581703186035156
24.029787063598633
20.608598709106445
18.553508758544922
30.90513801574707
19.599063873291016
21.530948638916016
24.451614379882812
17.631181716918945
25.292308807373047
20.74310302734375
18.383031845092773
17.626602172851562
17.491466522216797
17.626602172851562
17.774593353271484
21.075504302978516
20.323287963867188
19.76954460144043
18.93575668334961
23.106937408447266
19.599063873291016
21.74115753173828
17.836589813232422
21.218353271484375
18.528188705444336
18.321609497070312
21.075504302978516
19.025976181030273
23.11029052734375
18.911880493164062
17.626602172851562
20.745574951171875
20.399314880371094
17.626602172851562
22.856796264648438
19.871543884277344
19.419647216796875
19.419647216796875
22.831193923950195
20.17300033569336
17.626602172851562
19.004196166992188
21.075504302978516
17.87921142578125
20.004499435424805
17.850160598754883
22.60588836669922
20.680076599121094
18.062969207763672
19.363079071044922
23.581315994262695
19.30213165283203
17.626602172851562
19.419647216796875
17.836589813232422
22.607105255126953
21.578567504882812
18.904888153076172
20.95086669921875
19.110607147216797
27.813661575317383
19.214393615722656
17.626602172851562
19.41461181640625
19.214393615722656
17.491466522216797
18.490032196044922
20.745574951171875
24.029787063598633
18.028770446777344
24.641529083251953
18.383031845092773
17.836589813232422
19.363079071044922
22.60588836669922
17.491466522216797
18.943344116210938
17.626602172851562
19.62213134765625
17.626602172851562
19.214393615722656
20.824888229370117
19.599063873291016
20.347991943359375
19.599063873291016
17.626602172851562
20.824888229370117
20.898202896118164
23.105792999267578
19.419647216796875
17.836589813232422
19.41461181640625
22.4399471282959
19.419647216796875
21.929182052612305
19.419647216796875
18.811918258666992
18.938034057617188
23.30074691772461
21.578567504882812
19.419647216796875
20.60662078857422
22.4399471282959
22.39310073852539
17.626602172851562
19.599063873291016
17.491466522216797
20.399314880371094
17.626602172851562
20.02189826965332
17.622358322143555
20.323287963867188
20.3941650390625
22.39310073852539
18.128463745117188
19.419647216796875
18.342571258544922
24.029787063598633
17.836589813232422
21.822059631347656
19.158159255981445
17.87198829650879
18.028770446777344
21.218353271484375
19.004196166992188
18.38042449951172
21.578567504882812
19.871543884277344
20.874177932739258
19.599063873291016
24.641529083251953
19.578632354736328
17.626602172851562
23.057025909423828
17.850160598754883
20.824888229370117
30.138851165771484
17.836589813232422
20.428646087646484
19.599063873291016
19.41461181640625
19.214393615722656
27.321792602539062
19.004196166992188
18.553508758544922
23.007137298583984
19.004196166992188
21.578567504882812
17.626602172851562
17.626602172851562
17.626602172851562
19.419647216796875
20.824888229370117
24.029787063598633
18.128463745117188
22.39310073852539
19.419647216796875
19.982044219970703
23.007137298583984
21.74115753173828
17.67844581604004
19.158159255981445
24.970129013061523
27.571773529052734
33.73763656616211
19.004959106445312
25.08761978149414
24.470001220703125
36.67716598510742
39.62974166870117
28.802104949951172
18.773122787475586
22.146705627441406
33.73763656616211
23.115571975708008
32.08916473388672
18.319215774536133
76.97650909423828
31.199665069580078
90.1658935546875
29.809276580810547
88.80187225341797
64.8643798828125
21.965890884399414
32.42817687988281
32.68696212768555
26.910400390625
31.2132568359375
59.80370330810547
47.049072265625
47.90953063964844
34.05502700805664
34.39391326904297
32.05696487426758
29.40865707397461
29.353031158447266
34.96045684814453
21.756011962890625
58.056114196777344
77.0567855834961
29.74789810180664
30.904998779296875
21.756011962890625
27.571773529052734
23.771800994873047
21.40471076965332
75.74363708496094
70.4600830078125
20.85405731201172
25.758182525634766
21.756011962890625
29.081378936767578
45.1143684387207
33.41545104980469
31.61890411376953
23.50541114807129
43.33246994018555
21.00141143798828
43.37562561035156
26.81011962890625
60.296173095703125
50.60114288330078
20.91393280029297
28.396804809570312
21.40471076965332
49.05178451538086
23.878421783447266
33.001190185546875
24.55256462097168
27.91964340209961
28.32341957092285
24.266258239746094
27.222179412841797
24.218711853027344
29.53485870361328
43.43830871582031
24.276844024658203
22.64822006225586
75.6771469116211
27.571773529052734
48.89048385620117
23.11893653869629
43.13397979736328
32.76887130737305
31.53548812866211
33.59031295776367
33.73763656616211
21.838586807250977
98.75552368164062
33.73763656616211
30.265071868896484
33.73763656616211
37.42650604248047
34.53582000732422
27.984392166137695
29.509721755981445
60.895423889160156
24.276844024658203
27.974781036376953
33.24610137939453
21.756011962890625
195.3453369140625
29.53485870361328
28.926055908203125
23.214046478271484
62.18391036987305
39.000980377197266
69.16493225097656
23.65484046936035
39.036460876464844
21.541976928710938
80.64651489257812
59.83395767211914
28.802104949951172
25.540733337402344
40.0698356628418
89.9152603149414
65.30915069580078
51.053627014160156
20.882570266723633
27.571773529052734
20.819042205810547
25.219676971435547
31.690706253051758
27.06885528564453
37.49143600463867
25.666776657104492
29.26007080078125
59.860321044921875
34.03011703491211
60.804542541503906
41.289615631103516
38.50023651123047
24.012989044189453
78.60893249511719
41.48274612426758
59.860321044921875
80.03044128417969
64.20187377929688
20.989665985107422
24.098190307617188
34.62486267089844
33.73763656616211
76.20927429199219
31.11056900024414
42.95233154296875
31.11056900024414
32.4859733581543
29.001178741455078
21.756011962890625
43.64794921875
42.23632049560547
45.861328125
