29.37227439880371
29.86974334716797
29.134456634521484
29.898473739624023
29.79352378845215
40.525020599365234
32.185157775878906
29.271648406982422
28.745779037475586
33.04231262207031
29.271648406982422
28.708282470703125
28.852336883544922
29.777772903442383
29.576595306396484
28.745779037475586
28.360424041748047
28.865345001220703
28.634525299072266
28.745779037475586
28.865345001220703
32.185157775878906
28.55390739440918
29.108057022094727
37.04728698730469
28.91710090637207
29.36313819885254
28.91710090637207
30.51332664489746
29.86974334716797
29.306533813476562
419.95361328125
29.122404098510742
30.384140014648438
29.1989688873291
30.103361129760742
30.384140014648438
30.76596450805664
29.271648406982422
28.865345001220703
29.330442428588867
37.8593864440918
30.16233253479004
28.865345001220703
28.682477951049805
28.31391143798828
28.91710090637207
28.576642990112305
41.996612548828125
32.35176467895508
28.745779037475586
32.234535217285156
28.91710090637207
30.454893112182617
30.384140014648438
91.19036865234375
29.420133590698242
30.454893112182617
32.36208724975586
28.73603057861328
29.271648406982422
37.04728698730469
28.91710090637207
40.1629524230957
28.682477951049805
28.892597198486328
28.927364349365234
30.76596450805664
28.892597198486328
28.91710090637207
29.36313819885254
30.119176864624023
29.08420181274414
28.91710090637207
28.91710090637207
29.271648406982422
30.51332664489746
30.76596450805664
29.86974334716797
30.1566219329834
30.087665557861328
29.37227439880371
32.234535217285156
28.941593170166016
28.22065544128418
40.36882781982422
28.91710090637207
28.576642990112305
32.154605865478516
28.715511322021484
37.92570877075195
28.865345001220703
31.809968948364258
28.682477951049805
37.04728698730469
40.02937698364258
30.1566219329834
29.17332649230957
30.526111602783203
29.37227439880371
30.353626251220703
29.271648406982422
28.635318756103516
28.576642990112305
28.933238983154297
28.682477951049805
28.745779037475586
30.384140014648438
28.360424041748047
29.79352378845215
28.77771759033203
30.384140014648438
29.950403213500977
28.700693130493164
40.02937698364258
28.576642990112305
28.865345001220703
28.5819091796875
28.91710090637207
29.360286712646484
29.115259170532227
29.294652938842773
32.16363525390625
30.32318878173828
28.74380111694336
28.91710090637207
28.927364349365234
28.91710090637207
28.865345001220703
28.927364349365234
32.32550048828125
28.745779037475586
30.454893112182617
30.353626251220703
28.745779037475586
29.259185791015625
29.150157928466797
30.51332664489746
40.02937698364258
29.271648406982422
28.576642990112305
28.745779037475586
28.91710090637207
30.353626251220703
30.353626251220703
37.04728698730469
30.316287994384766
29.86974334716797
28.47428321838379
30.384140014648438
28.865345001220703
37.76572036743164
30.454893112182617
29.70900535583496
28.91710090637207
29.70900535583496
28.4578857421875
28.91710090637207
28.576642990112305
29.86974334716797
28.745779037475586
28.360424041748047
28.682477951049805
28.91710090637207
28.468687057495117
29.150339126586914
30.16233253479004
32.534820556640625
30.17464256286621
40.02937698364258
28.91710090637207
29.012874603271484
28.55390739440918
30.207616806030273
28.91710090637207
29.64519500732422
28.601543426513672
30.454893112182617
37.04728698730469
28.30752182006836
29.330442428588867
28.360424041748047
37.04728698730469
29.388349533081055
30.4598388671875
28.745779037475586
30.89861297607422
37.04728698730469
30.32318878173828
28.852336883544922
44.77975082397461
29.271648406982422
29.854005813598633
31.719730377197266
29.493270874023438
40.02937698364258
29.115259170532227
28.635318756103516
28.91710090637207
28.682477951049805
28.91710090637207
28.531179428100586
32.5483283996582
30.384140014648438
30.059829711914062
29.150339126586914
31.929141998291016
29.271648406982422
29.294652938842773
28.865345001220703
32.36208724975586
29.133514404296875
28.950597763061523
32.5483283996582
29.069948196411133
32.091644287109375
28.350034713745117
28.91710090637207
28.901756286621094
30.353626251220703
28.91710090637207
29.905712127685547
30.119176864624023
28.745779037475586
28.745779037475586
29.446605682373047
29.79352378845215
28.91710090637207
29.37227439880371
32.5483283996582
28.554052352905273
30.61686134338379
28.576642990112305
30.4598388671875
29.176271438598633
28.565692901611328
30.257699966430664
29.844968795776367
29.32672882080078
28.91710090637207
28.745779037475586
28.865345001220703
32.16363525390625
30.51332664489746
29.037220001220703
30.41399574279785
30.05617332458496
33.94609832763672
29.86974334716797
28.91710090637207
29.388349533081055
29.86974334716797
28.682477951049805
28.910472869873047
28.901756286621094
37.04728698730469
28.74380111694336
37.590606689453125
28.635318756103516
28.865345001220703
30.257699966430664
30.4598388671875
28.682477951049805
29.259185791015625
28.91710090637207
28.95735740661621
28.91710090637207
29.86974334716797
30.454893112182617
29.271648406982422
29.108057022094727
29.271648406982422
28.91710090637207
30.454893112182617
28.993005752563477
32.16092300415039
28.745779037475586
28.865345001220703
29.388349533081055
31.86199378967285
28.745779037475586
29.777772903442383
28.745779037475586
29.41737937927246
28.75577735900879
32.04294204711914
30.51332664489746
28.745779037475586
30.76596450805664
31.86199378967285
30.547887802124023
28.91710090637207
29.271648406982422
28.682477951049805
30.353626251220703
28.91710090637207
29.159196853637695
28.5819091796875
30.384140014648438
29.642684936523438
30.547887802124023
29.67339515686035
28.745779037475586
28.92392349243164
37.04728698730469
28.865345001220703
29.39175796508789
29.898473739624023
28.73603057861328
28.74380111694336
32.36208724975586
29.37227439880371
28.40575408935547
30.51332664489746
30.119176864624023
29.02630615234375
29.271648406982422
37.590606689453125
29.36313819885254
28.91710090637207
31.95737648010254
28.576642990112305
30.454893112182617
42.76791000366211
28.865345001220703
30.1566219329834
29.271648406982422
29.388349533081055
29.86974334716797
37.55336380004883
29.37227439880371
28.852336883544922
32.185157775878906
29.37227439880371
30.51332664489746
28.91710090637207
28.91710090637207
28.91710090637207
28.745779037475586
30.454893112182617
37.04728698730469
29.67339515686035
30.547887802124023
28.745779037475586
32.59064865112305
32.185157775878906
29.294652938842773
28.6334285736084
29.898473739624023
37.084327697753906
37.456626892089844
41.22944259643555
28.57792854309082
35.822383880615234
35.806522369384766
41.160003662109375
52.82063293457031
35.754756927490234
28.721532821655273
35.64054870605469
41.22944259643555
33.749000549316406
39.94341278076172
30.036043167114258
109.44586944580078
37.49660110473633
124.05146026611328
39.75550079345703
113.29533386230469
87.57965087890625
34.982513427734375
41.07441711425781
43.060699462890625
38.051307678222656
39.63889694213867
88.30797576904297
59.74616241455078
56.165069580078125
42.108131408691406
38.54043960571289
41.938655853271484
37.18020248413086
36.559539794921875
44.52299499511719
34.278053283691406
73.58427429199219
109.60173797607422
38.38130569458008
39.9149055480957
34.278053283691406
37.456626892089844
35.68216323852539
33.317893981933594
109.5819091796875
98.31510162353516
34.267616271972656
36.02509307861328
34.278053283691406
37.840606689453125
55.13132095336914
42.16389846801758
41.01610565185547
33.73246765136719
48.13306427001953
33.84914016723633
53.578338623046875
35.51205062866211
87.94798278808594
63.11604690551758
34.742000579833984
41.36935806274414
33.317893981933594
59.83418655395508
34.16301727294922
39.72552490234375
35.06615447998047
36.242835998535156
36.4450798034668
38.72238540649414
34.158294677734375
35.89699935913086
38.536415100097656
48.25210189819336
35.82761764526367
33.07546615600586
110.95130920410156
37.456626892089844
62.886260986328125
33.25615310668945
53.758567810058594
39.41822814941406
39.11074447631836
41.569671630859375
41.22944259643555
34.38302230834961
108.68695068359375
41.22944259643555
36.147216796875
41.22944259643555
44.623756408691406
41.275367736816406
35.40830993652344
36.71086883544922
89.73155212402344
35.82761764526367
39.8657341003418
41.9129524230957
34.278053283691406
377.1527099609375
38.536415100097656
37.42146682739258
35.20856475830078
90.91082000732422
49.78306579589844
102.63200378417969
35.196842193603516
45.65194320678711
34.2762336730957
110.25898742675781
87.96124267578125
35.754756927490234
35.17473220825195
45.091529846191406
123.6393814086914
93.4664077758789
74.27068328857422
34.3108024597168
37.456626892089844
34.1318473815918
35.20599365234375
41.415626525878906
36.67266082763672
46.8060302734375
35.524227142333984
38.15694808959961
88.34618377685547
41.515403747558594
87.38013458251953
44.73862838745117
44.5043830871582
36.14046859741211
114.63441467285156
49.29397201538086
88.34618377685547
106.956787109375
94.10789489746094
33.73204803466797
35.86517333984375
43.16251754760742
41.22944259643555
107.9764633178711
38.67538070678711
54.08797836303711
38.67538070678711
40.54627227783203
38.4393196105957
34.278053283691406
55.05262756347656
52.5235481262207
53.58229064941406
