8.241405487060547
7.909114837646484
12.893289566040039
7.819215774536133
9.798078536987305
21.146160125732422
13.97091293334961
9.455755233764648
9.894582748413086
25.836618423461914
9.455755233764648
6.571971893310547
7.508127212524414
13.39494514465332
17.314632415771484
9.894582748413086
7.204704284667969
5.696836471557617
11.189090728759766
9.894582748413086
5.696836471557617
13.97091293334961
5.2470703125
11.440547943115234
12.80479621887207
5.243066787719727
9.47393798828125
5.243066787719727
12.046834945678711
7.909114837646484
9.629703521728516
230.86207580566406
13.479507446289062
9.53708267211914
13.849159240722656
8.809925079345703
9.53708267211914
9.815835952758789
9.455755233764648
5.696836471557617
13.313459396362305
20.03898811340332
9.424442291259766
5.696836471557617
5.345157623291016
7.544868469238281
5.243066787719727
6.443260192871094
18.72276496887207
15.291980743408203
9.894582748413086
10.233428955078125
5.243066787719727
10.595359802246094
9.53708267211914
70.15665435791016
11.855819702148438
10.595359802246094
9.995656967163086
6.445468902587891
9.455755233764648
12.80479621887207
5.243066787719727
14.828264236450195
5.345157623291016
8.006582260131836
10.129739761352539
9.815835952758789
8.006582260131836
5.243066787719727
9.47393798828125
8.73994255065918
11.092344284057617
5.243066787719727
5.243066787719727
9.455755233764648
12.046834945678711
9.815835952758789
7.909114837646484
9.969833374023438
14.946950912475586
8.241405487060547
10.233428955078125
7.9322052001953125
9.069822311401367
17.86939811706543
5.243066787719727
6.443260192871094
16.243684768676758
10.331998825073242
28.127113342285156
5.696836471557617
13.14501953125
5.345157623291016
12.80479621887207
14.078014373779297
9.969833374023438
8.990121841430664
10.815732955932617
8.241405487060547
9.710498809814453
9.455755233764648
7.297796249389648
6.443260192871094
6.978782653808594
5.345157623291016
9.894582748413086
9.53708267211914
7.204704284667969
9.798078536987305
9.053617477416992
9.53708267211914
14.099649429321289
7.104686737060547
14.078014373779297
6.443260192871094
5.696836471557617
5.93263053894043
5.243066787719727
6.375789642333984
11.792171478271484
13.834634780883789
13.337776184082031
10.211051940917969
6.767753601074219
5.243066787719727
10.129739761352539
5.243066787719727
5.696836471557617
10.129739761352539
15.905044555664062
9.894582748413086
10.595359802246094
9.710498809814453
9.894582748413086
8.209815979003906
15.166492462158203
12.046834945678711
14.078014373779297
9.455755233764648
6.443260192871094
9.894582748413086
5.243066787719727
9.710498809814453
9.710498809814453
12.80479621887207
13.721214294433594
7.909114837646484
6.481287002563477
9.53708267211914
5.696836471557617
18.486730575561523
10.595359802246094
12.056869506835938
5.243066787719727
12.056869506835938
4.420042037963867
5.243066787719727
6.443260192871094
7.909114837646484
9.894582748413086
7.204704284667969
5.345157623291016
5.243066787719727
6.676179885864258
7.900362014770508
9.424442291259766
10.879463195800781
19.016502380371094
14.078014373779297
5.243066787719727
9.912223815917969
5.2470703125
8.118263244628906
5.243066787719727
11.384603500366211
7.573022842407227
10.595359802246094
12.80479621887207
9.221630096435547
13.313459396362305
7.204704284667969
12.80479621887207
8.779510498046875
14.850990295410156
9.894582748413086
18.04270362854004
12.80479621887207
10.211051940917969
7.508127212524414
24.102617263793945
9.455755233764648
14.482465744018555
17.521169662475586
5.072498321533203
14.078014373779297
11.792171478271484
7.297796249389648
5.243066787719727
5.345157623291016
5.243066787719727
6.312824249267578
9.409807205200195
9.53708267211914
8.730497360229492
7.900362014770508
15.455177307128906
9.455755233764648
13.834634780883789
5.696836471557617
9.995656967163086
7.016286849975586
7.317575454711914
9.409807205200195
8.320045471191406
14.213560104370117
8.753602981567383
5.243066787719727
12.10651969909668
9.710498809814453
5.243066787719727
15.684125900268555
8.73994255065918
9.894582748413086
9.894582748413086
15.70973014831543
9.798078536987305
5.243066787719727
8.241405487060547
9.409807205200195
6.467052459716797
10.733570098876953
6.443260192871094
14.850990295410156
11.601070404052734
6.788127899169922
7.797422409057617
17.042728424072266
9.739931106567383
5.243066787719727
9.894582748413086
5.696836471557617
13.337776184082031
12.046834945678711
8.503618240356445
11.14024543762207
8.20919418334961
22.839977264404297
7.909114837646484
5.243066787719727
8.779510498046875
7.909114837646484
5.345157623291016
7.509765625
12.10651969909668
12.80479621887207
6.767753601074219
13.466934204101562
7.297796249389648
5.696836471557617
7.797422409057617
14.850990295410156
5.345157623291016
8.209815979003906
5.243066787719727
9.578262329101562
5.243066787719727
7.909114837646484
10.595359802246094
9.455755233764648
11.440547943115234
9.455755233764648
5.243066787719727
10.595359802246094
12.186508178710938
14.179536819458008
9.894582748413086
5.696836471557617
8.779510498046875
12.901811599731445
9.894582748413086
13.39494514465332
9.894582748413086
14.951164245605469
8.86445426940918
15.64326286315918
12.046834945678711
9.894582748413086
9.815835952758789
12.901811599731445
14.349651336669922
5.243066787719727
9.455755233764648
5.345157623291016
9.710498809814453
5.243066787719727
10.947917938232422
5.93263053894043
9.53708267211914
10.596752166748047
14.349651336669922
15.580240249633789
9.894582748413086
7.292610168457031
12.80479621887207
5.696836471557617
14.07784652709961
7.819215774536133
6.445468902587891
6.767753601074219
9.995656967163086
8.241405487060547
8.312297821044922
12.046834945678711
8.73994255065918
12.063386917114258
9.455755233764648
13.466934204101562
9.47393798828125
5.243066787719727
14.161943435668945
6.443260192871094
10.595359802246094
24.2757625579834
5.696836471557617
9.969833374023438
9.455755233764648
8.779510498046875
7.909114837646484
19.182546615600586
8.241405487060547
7.508127212524414
13.97091293334961
8.241405487060547
12.046834945678711
5.243066787719727
5.243066787719727
5.243066787719727
9.894582748413086
10.595359802246094
12.80479621887207
15.580240249633789
14.349651336669922
9.894582748413086
8.825014114379883
13.97091293334961
13.834634780883789
6.387092590332031
7.819215774536133
14.617807388305664
16.300430297851562
28.9593448638916
8.608434677124023
14.484485626220703
13.091604232788086
33.546241760253906
31.472923278808594
21.30710220336914
8.087272644042969
8.774223327636719
28.9593448638916
12.782800674438477
26.440719604492188
7.425945281982422
63.539710998535156
26.51272964477539
76.46302032470703
23.047094345092773
76.63377380371094
49.98827362060547
9.597126007080078
25.533676147460938
24.253393173217773
16.26906967163086
23.167369842529297
49.50686264038086
37.793888092041016
43.81885528564453
26.389739990234375
29.989398956298828
25.315414428710938
23.67546844482422
22.95486068725586
28.436420440673828
8.861373901367188
49.12517166137695
63.62432861328125
21.176271438598633
23.348705291748047
8.861373901367188
16.300430297851562
11.809654235839844
8.987415313720703
61.78617858886719
61.16135787963867
7.143573760986328
15.843637466430664
8.861373901367188
19.94863510131836
38.48464584350586
26.221229553222656
23.79079246520996
13.139127731323242
39.12618637084961
8.170217514038086
38.22443389892578
19.45728302001953
51.04706954956055
43.74161148071289
6.776645660400391
16.603515625
8.987415313720703
43.63568115234375
13.695854187011719
28.094341278076172
14.999408721923828
20.014192581176758
21.536849975585938
10.6492919921875
19.768362045288086
12.542078018188477
20.974384307861328
39.29177474975586
12.640308380126953
12.720684051513672
61.4639892578125
16.300430297851562
43.03450393676758
13.433069229125977
35.120155334472656
26.30147933959961
26.092052459716797
27.509037017822266
28.9593448638916
9.499841690063477
99.99537658691406
28.9593448638916
24.960906982421875
28.9593448638916
31.774381637573242
30.018417358398438
24.82070541381836
23.277629852294922
50.349822998046875
12.640308380126953
17.02010726928711
25.39522361755371
8.861373901367188
142.0371551513672
20.974384307861328
21.042362213134766
11.005998611450195
50.93632507324219
32.19316482543945
58.58549499511719
13.02128791809082
35.23442840576172
8.902851104736328
67.57673645019531
49.55787658691406
21.30710220336914
16.445348739624023
36.508522033691406
76.28797149658203
55.592437744140625
34.62352752685547
7.168813705444336
16.300430297851562
7.123786926269531
15.889657974243164
22.899171829223633
17.864377975463867
29.64179039001465
16.92506980895996
21.291629791259766
49.522239685058594
29.47977066040039
51.10660171508789
36.75641632080078
34.361209869384766
11.836614608764648
64.34623718261719
37.210166931152344
49.522239685058594
71.01356506347656
52.376319885253906
8.398656845092773
14.378095626831055
28.690933227539062
28.9593448638916
62.84853744506836
23.862321853637695
34.34208679199219
23.862321853637695
27.41680335998535
21.987773895263672
8.861373901367188
34.5651741027832
34.05113983154297
42.40806579589844
