28.19940948486328
28.60385513305664
28.241662979125977
28.6859130859375
28.652101516723633
38.75185775756836
31.09507942199707
28.134756088256836
27.659116744995117
32.20777893066406
28.134756088256836
27.501638412475586
27.657100677490234
28.869096755981445
28.90879249572754
27.659116744995117
27.09393310546875
27.616313934326172
27.697402954101562
27.659116744995117
27.616313934326172
31.09507942199707
27.26544952392578
28.08993148803711
35.21537399291992
27.630023956298828
28.244239807128906
27.630023956298828
29.525793075561523
28.60385513305664
28.11581802368164
387.3721008300781
28.27660369873047
29.19110107421875
28.369487762451172
28.88515853881836
29.19110107421875
29.62709617614746
28.134756088256836
27.616313934326172
28.435636520385742
36.35565948486328
28.985666275024414
27.616313934326172
27.40346908569336
27.168481826782227
27.630023956298828
27.362438201904297
39.881221771240234
31.329269409179688
27.659116744995117
30.94721794128418
27.630023956298828
29.320858001708984
29.19110107421875
86.5370101928711
28.466365814208984
29.320858001708984
31.057010650634766
27.474262237548828
28.134756088256836
35.21537399291992
27.630023956298828
38.058998107910156
27.40346908569336
27.744613647460938
27.887676239013672
29.62709617614746
27.744613647460938
27.630023956298828
28.244239807128906
28.911663055419922
28.1103572845459
27.630023956298828
27.630023956298828
28.134756088256836
29.525793075561523
29.62709617614746
28.60385513305664
29.015348434448242
29.0198974609375
28.19940948486328
30.94721794128418
27.76019859313965
27.135848999023438
38.41342544555664
27.630023956298828
27.362438201904297
31.179363250732422
27.621051788330078
37.08946990966797
27.616313934326172
30.720890045166016
27.40346908569336
35.21537399291992
37.903324127197266
29.015348434448242
27.942276000976562
29.393220901489258
28.19940948486328
29.176143646240234
28.134756088256836
27.477684020996094
27.362438201904297
27.649486541748047
27.40346908569336
27.659116744995117
29.19110107421875
27.09393310546875
28.652101516723633
27.666494369506836
29.19110107421875
29.07424545288086
27.490196228027344
37.903324127197266
27.362438201904297
27.616313934326172
27.318944931030273
27.630023956298828
28.055238723754883
28.173431396484375
28.447580337524414
31.033050537109375
29.183006286621094
27.49576759338379
27.630023956298828
27.887676239013672
27.630023956298828
27.616313934326172
27.887676239013672
31.35207748413086
27.659116744995117
29.320858001708984
29.176143646240234
27.659116744995117
28.08795928955078
28.114850997924805
29.525793075561523
37.903324127197266
28.134756088256836
27.362438201904297
27.659116744995117
27.630023956298828
29.176143646240234
29.176143646240234
35.21537399291992
29.233068466186523
28.60385513305664
27.240802764892578
29.19110107421875
27.616313934326172
36.15965270996094
29.320858001708984
28.659130096435547
27.630023956298828
28.659130096435547
27.10472297668457
27.630023956298828
27.362438201904297
28.60385513305664
27.659116744995117
27.09393310546875
27.40346908569336
27.630023956298828
27.264732360839844
27.98548126220703
28.985666275024414
31.272336959838867
29.55852699279785
37.903324127197266
27.630023956298828
27.96901512145996
27.26544952392578
28.948719024658203
27.630023956298828
28.632633209228516
27.42619514465332
29.320858001708984
35.21537399291992
27.284034729003906
28.435636520385742
27.09393310546875
35.21537399291992
28.207155227661133
29.58464241027832
27.659116744995117
30.132366180419922
35.21537399291992
29.183006286621094
27.657100677490234
42.681392669677734
28.134756088256836
28.845565795898438
30.851808547973633
28.124753952026367
37.903324127197266
28.173431396484375
27.477684020996094
27.630023956298828
27.40346908569336
27.630023956298828
27.29833984375
31.192703247070312
29.19110107421875
28.839128494262695
27.98548126220703
30.903154373168945
28.134756088256836
28.447580337524414
27.616313934326172
31.057010650634766
27.91506576538086
27.705028533935547
31.192703247070312
27.91148567199707
31.040639877319336
27.285764694213867
27.630023956298828
27.987350463867188
29.176143646240234
27.630023956298828
29.098087310791016
28.911663055419922
27.659116744995117
27.659116744995117
28.708776473999023
28.652101516723633
27.630023956298828
28.19940948486328
31.192703247070312
27.346691131591797
29.311485290527344
27.362438201904297
29.58464241027832
28.23079490661621
27.352548599243164
28.961397171020508
29.13079071044922
28.12874412536621
27.630023956298828
27.659116744995117
27.616313934326172
31.033050537109375
29.525793075561523
27.87282943725586
29.304767608642578
28.69406509399414
33.178443908691406
28.60385513305664
27.630023956298828
28.207155227661133
28.60385513305664
27.40346908569336
27.681934356689453
27.987350463867188
35.21537399291992
27.49576759338379
35.758975982666016
27.477684020996094
27.616313934326172
28.961397171020508
29.58464241027832
27.40346908569336
28.08795928955078
27.630023956298828
27.90621566772461
27.630023956298828
28.60385513305664
29.320858001708984
28.134756088256836
28.08993148803711
28.134756088256836
27.630023956298828
29.320858001708984
28.090726852416992
31.086091995239258
27.659116744995117
27.616313934326172
28.207155227661133
30.75088882446289
27.659116744995117
28.869096755981445
27.659116744995117
28.037935256958008
27.61400604248047
31.02737808227539
29.525793075561523
27.659116744995117
29.62709617614746
30.75088882446289
29.6368408203125
27.630023956298828
28.134756088256836
27.40346908569336
29.176143646240234
27.630023956298828
28.048877716064453
27.318944931030273
29.19110107421875
28.579444885253906
29.6368408203125
28.164812088012695
27.659116744995117
27.689725875854492
35.21537399291992
27.616313934326172
28.514663696289062
28.6859130859375
27.474262237548828
27.49576759338379
31.057010650634766
28.19940948486328
27.236614227294922
29.525793075561523
28.911663055419922
28.107770919799805
28.134756088256836
35.758975982666016
28.244239807128906
27.630023956298828
30.915313720703125
27.362438201904297
29.320858001708984
40.858543395996094
27.616313934326172
29.015348434448242
28.134756088256836
28.207155227661133
28.60385513305664
36.043365478515625
28.19940948486328
27.657100677490234
31.09507942199707
28.19940948486328
29.525793075561523
27.630023956298828
27.630023956298828
27.630023956298828
27.659116744995117
29.320858001708984
35.21537399291992
28.164812088012695
29.6368408203125
27.659116744995117
31.101289749145508
31.09507942199707
28.447580337524414
27.361785888671875
28.6859130859375
35.33938217163086
36.379783630371094
40.15827941894531
27.502151489257812
34.48558044433594
34.40103530883789
40.5122184753418
50.53791046142578
35.03287124633789
27.597042083740234
34.058616638183594
40.15827941894531
32.5067253112793
38.85528564453125
28.630477905273438
102.37416076660156
36.69182586669922
115.12220764160156
38.32815933227539
107.27241516113281
83.30970001220703
33.368377685546875
40.02640151977539
41.572994232177734
36.709346771240234
38.78617477416992
81.4598617553711
57.719051361083984
54.6888427734375
41.11954879760742
38.0328254699707
40.5748291015625
36.141727447509766
35.68867111206055
43.235557556152344
32.78260803222656
70.76504516601562
102.51087951660156
37.51692199707031
38.853336334228516
32.78260803222656
36.379783630371094
34.2281494140625
31.96595573425293
101.88562774658203
91.74268341064453
32.69078063964844
34.7406005859375
32.78260803222656
36.70198059082031
53.47726821899414
40.99895095825195
39.95291519165039
32.56834411621094
47.45878982543945
32.338985443115234
51.70679473876953
34.413604736328125
81.29908752441406
60.93099594116211
33.110435485839844
39.668121337890625
31.96595573425293
57.90624237060547
32.94098663330078
38.775352478027344
33.779075622558594
35.22300338745117
35.421241760253906
36.911712646484375
33.40511703491211
34.46206283569336
37.5390625
47.567222595214844
34.39916229248047
31.818668365478516
103.20862579345703
36.379783630371094
60.0627555847168
32.02695846557617
52.06747055053711
38.65225601196289
38.1243782043457
40.568817138671875
40.15827941894531
32.88887405395508
105.23853302001953
40.15827941894531
35.48101806640625
40.15827941894531
43.58841323852539
40.31391525268555
34.59640884399414
35.78590393066406
82.82469177246094
34.39916229248047
38.210514068603516
40.91099548339844
32.78260803222656
332.6701354980469
37.5390625
36.45771789550781
33.84135437011719
84.6467514038086
48.023475646972656
94.73970794677734
33.80901336669922
44.593711853027344
32.764137268066406
103.8015365600586
81.19699096679688
35.03287124633789
33.993412017822266
44.326995849609375
114.75167846679688
86.5402603149414
71.4097900390625
32.72955322265625
36.379783630371094
32.588504791259766
34.01215744018555
40.32952117919922
35.47224044799805
45.505374908447266
34.30436706542969
37.11577224731445
81.5052719116211
40.44025421142578
80.98001861572266
44.29084396362305
43.595054626464844
34.757408142089844
106.68013000488281
48.076778411865234
81.5052719116211
99.99444580078125
87.60099792480469
32.21023941040039
34.42732620239258
42.0517463684082
40.15827941894531
101.11512756347656
37.88628387451172
52.30264663696289
37.88628387451172
39.4454345703125
37.21421432495117
32.78260803222656
53.287662506103516
50.92192077636719
52.268943786621094
