14.00417709350586
13.963790893554688
17.25680160522461
13.915159225463867
15.364673614501953
24.833168029785156
18.67707633972168
15.024124145507812
14.93830680847168
26.08424186706543
15.024124145507812
12.672653198242188
13.460220336914062
17.99739646911621
20.655628204345703
14.93830680847168
12.489583969116211
12.165994644165039
15.976055145263672
14.93830680847168
12.165994644165039
18.67707633972168
11.682449340820312
16.148601531982422
18.56741714477539
11.850051879882812
14.876581192016602
11.850051879882812
17.163354873657227
13.963790893554688
14.451190948486328
241.85720825195312
17.72903823852539
15.327531814575195
18.02285385131836
14.686429977416992
15.327531814575195
15.61564826965332
15.024124145507812
12.165994644165039
17.54361915588379
23.963539123535156
15.131309509277344
12.165994644165039
11.811445236206055
13.191911697387695
11.850051879882812
12.424545288085938
23.107704162597656
19.670368194580078
14.93830680847168
16.101924896240234
11.850051879882812
16.085765838623047
15.327531814575195
72.32731628417969
16.603199005126953
16.085765838623047
16.024383544921875
12.488039016723633
15.024124145507812
18.56741714477539
11.850051879882812
20.390336990356445
11.811445236206055
13.724567413330078
15.253064155578613
15.61564826965332
13.724567413330078
11.850051879882812
14.876581192016602
14.730369567871094
15.94477653503418
11.850051879882812
11.850051879882812
15.024124145507812
17.163354873657227
15.61564826965332
13.963790893554688
15.597808837890625
18.028701782226562
14.00417709350586
16.101924896240234
13.653352737426758
14.125972747802734
22.50743865966797
11.850051879882812
12.424545288085938
19.97341537475586
14.67497444152832
30.604507446289062
12.165994644165039
18.084030151367188
11.811445236206055
18.56741714477539
19.760927200317383
15.597808837890625
14.349721908569336
16.271114349365234
14.00417709350586
15.447700500488281
15.024124145507812
13.144754409790039
12.424545288085938
12.927169799804688
11.811445236206055
14.93830680847168
15.327531814575195
12.489583969116211
15.364673614501953
14.38035774230957
15.327531814575195
18.575836181640625
12.956430435180664
19.760927200317383
12.424545288085938
12.165994644165039
12.12750244140625
11.850051879882812
12.502416610717773
16.49872589111328
17.980182647705078
18.23584747314453
15.791305541992188
12.706457138061523
11.850051879882812
15.253064155578613
11.850051879882812
12.165994644165039
15.253064155578613
20.167526245117188
14.93830680847168
16.085765838623047
15.447700500488281
14.93830680847168
13.973871231079102
18.3333740234375
17.163354873657227
19.760927200317383
15.024124145507812
12.424545288085938
14.93830680847168
11.850051879882812
15.447700500488281
15.447700500488281
18.56741714477539
18.342933654785156
13.963790893554688
12.390682220458984
15.327531814575195
12.165994644165039
22.621620178222656
16.085765838623047
16.952747344970703
11.850051879882812
16.952747344970703
10.981803894042969
11.850051879882812
12.424545288085938
13.963790893554688
14.93830680847168
12.489583969116211
11.811445236206055
11.850051879882812
12.592355728149414
13.803550720214844
15.131309509277344
16.784387588500977
21.997529983520508
19.760927200317383
11.850051879882812
14.941946983337402
11.682449340820312
14.144598007202148
11.850051879882812
16.530786514282227
13.19633674621582
16.085765838623047
18.56741714477539
14.481014251708984
17.54361915588379
12.489583969116211
18.56741714477539
14.528820037841797
18.909427642822266
14.93830680847168
21.581512451171875
18.56741714477539
15.791305541992188
13.460220336914062
27.439998626708984
15.024124145507812
17.871097564697266
21.121423721313477
11.615999221801758
19.760927200317383
16.49872589111328
13.144754409790039
11.850051879882812
11.811445236206055
11.850051879882812
12.377140045166016
15.721893310546875
15.327531814575195
14.66525650024414
13.803550720214844
19.17449951171875
15.024124145507812
17.980182647705078
12.165994644165039
16.024383544921875
13.196754455566406
13.139398574829102
15.721893310546875
14.019952774047852
18.892200469970703
14.114526748657227
11.850051879882812
16.670413970947266
15.447700500488281
11.850051879882812
19.37787628173828
14.730369567871094
14.93830680847168
14.93830680847168
19.458740234375
15.364673614501953
11.850051879882812
14.00417709350586
15.721893310546875
12.458475112915039
15.278108596801758
12.424545288085938
18.909427642822266
16.366804122924805
12.780244827270508
14.029600143432617
20.48181915283203
14.606081008911133
11.850051879882812
14.93830680847168
12.165994644165039
18.23584747314453
17.163354873657227
14.044918060302734
16.373184204101562
14.105669021606445
25.372344970703125
13.963790893554688
11.850051879882812
14.528820037841797
13.963790893554688
11.811445236206055
13.338220596313477
16.670413970947266
18.56741714477539
12.706457138061523
19.216331481933594
13.144754409790039
12.165994644165039
14.029600143432617
18.909427642822266
11.811445236206055
13.973871231079102
11.850051879882812
14.890342712402344
11.850051879882812
13.963790893554688
16.085765838623047
15.024124145507812
16.148601531982422
15.024124145507812
11.850051879882812
16.085765838623047
16.787864685058594
18.82798957824707
14.93830680847168
12.165994644165039
14.528820037841797
17.919898986816406
14.93830680847168
17.99739646911621
14.93830680847168
15.7852783203125
14.073026657104492
19.39988899230957
17.163354873657227
14.93830680847168
15.61564826965332
17.919898986816406
18.560611724853516
11.850051879882812
15.024124145507812
11.811445236206055
15.447700500488281
11.850051879882812
15.82818603515625
12.12750244140625
15.327531814575195
15.912522315979004
18.560611724853516
15.313222885131836
14.93830680847168
13.127676010131836
18.56741714477539
12.165994644165039
18.08522605895996
13.915159225463867
12.488039016723633
12.706457138061523
16.024383544921875
14.00417709350586
13.614627838134766
17.163354873657227
14.730369567871094
16.700929641723633
15.024124145507812
19.216331481933594
14.876581192016602
11.850051879882812
18.82956886291504
12.424545288085938
16.085765838623047
27.037137985229492
12.165994644165039
15.597808837890625
15.024124145507812
14.528820037841797
13.963790893554688
23.301233291625977
14.00417709350586
13.460220336914062
18.67707633972168
14.00417709350586
17.163354873657227
11.850051879882812
11.850051879882812
11.850051879882812
14.93830680847168
16.085765838623047
18.56741714477539
15.313222885131836
18.560611724853516
14.93830680847168
14.410089492797852
18.67707633972168
17.980182647705078
12.310821533203125
13.915159225463867
19.921003341674805
22.397485733032227
31.410400390625
14.119852066040039
20.08824348449707
19.13524627685547
35.11781692504883
35.37963104248047
25.259105682373047
13.740026473999023
15.861017227172852
31.410400390625
18.199260711669922
29.274654388427734
12.651979446411133
69.6794662475586
28.865997314453125
83.05491638183594
26.55086898803711
82.4052505493164
57.253787994384766
16.167261123657227
28.90947723388672
28.567394256591797
21.877864837646484
27.191036224365234
54.25259017944336
42.3348388671875
45.71548843383789
30.33556365966797
32.4012336730957
28.672014236450195
26.555728912353516
26.27212905883789
31.569244384765625
16.085060119628906
53.192222595214844
69.75711059570312
25.502246856689453
27.124832153320312
16.085060119628906
22.397485733032227
18.157907485961914
15.699371337890625
68.1081314086914
65.32352447509766
14.539474487304688
21.078086853027344
16.085060119628906
25.23602867126465
41.70674133300781
29.89478302001953
27.590438842773438
18.777538299560547
41.12906265258789
15.07999038696289
40.683292388916016
23.21572494506836
55.1972770690918
47.01146697998047
14.432662963867188
22.72171974182129
15.699371337890625
46.01908874511719
19.11456298828125
30.54814338684082
19.900863647460938
24.141307830810547
25.0250301361084
17.778297424316406
23.681652069091797
18.726852416992188
25.471088409423828
41.269229888916016
18.8283634185791
17.936952590942383
67.75611114501953
22.397485733032227
45.703495025634766
18.34668731689453
39.15435791015625
29.692134857177734
28.833656311035156
30.472858428955078
31.410400390625
16.04167366027832
99.38441467285156
31.410400390625
27.631912231445312
31.410400390625
34.60997009277344
32.24937057495117
25.470256805419922
26.515796661376953
55.20489501953125
18.8283634185791
22.858497619628906
29.359455108642578
16.085060119628906
165.53683471679688
25.471088409423828
25.242542266845703
17.48756217956543
56.030723571777344
35.50882339477539
63.21625900268555
18.654191970825195
37.0573616027832
15.641931533813477
73.45842742919922
54.330352783203125
25.259105682373047
21.26340103149414
38.25373077392578
82.81864929199219
59.989051818847656
42.62456512451172
14.564809799194336
22.397485733032227
14.587421417236328
20.67787742614746
27.28558349609375
22.748437881469727
33.65684127807617
21.417829513549805
25.56041717529297
54.294464111328125
31.79203224182129
55.583683013916016
39.04118347167969
36.37837219238281
18.278066635131836
70.79025268554688
39.24354553222656
54.294464111328125
75.4009780883789
57.743682861328125
15.178590774536133
19.043792724609375
31.66276741027832
31.410400390625
68.9693603515625
27.566486358642578
38.69440460205078
27.566486358642578
29.955245971679688
25.466747283935547
16.085060119628906
39.135921478271484
38.206241607666016
43.87156677246094
