-63.022762298583984
-26.943103790283203
-58.22342300415039
-48.51511764526367
-31.39722442626953
-8.531208038330078
-28.600662231445312
8.03873062133789
-39.87930679321289
-39.87930679321289
-2.85479736328125
-63.022762298583984
-3.8478927612304688
-31.66704559326172
-36.936134338378906
-44.58562469482422
-58.22342300415039
2.6016616821289062
2.915302276611328
-40.07884216308594
-58.22342300415039
-15.207653045654297
-61.74615478515625
-52.5666618347168
-40.36021423339844
-63.022762298583984
-54.01768112182617
-32.222564697265625
18.81719970703125
-39.87930679321289
-27.185794830322266
-61.74615478515625
-61.29914474487305
-33.20225524902344
-39.87930679321289
-23.707237243652344
-26.36315155029297
-36.16225051879883
-48.10969543457031
-63.022762298583984
-38.387413024902344
13.20684814453125
-44.58562469482422
-36.16225051879883
-25.848045349121094
-63.022762298583984
-48.51511764526367
48.36847686767578
-30.729148864746094
-13.082477569580078
-39.87930679321289
-28.59939956665039
-54.01768112182617
-39.87930679321289
-6.209754943847656
-4.541923522949219
-48.70038986206055
-27.185794830322266
6.304115295410156
-58.22342300415039
-32.222564697265625
0.848785400390625
-58.22342300415039
-14.56551742553711
-3.2731475830078125
-27.185794830322266
-26.977874755859375
-44.58562469482422
-44.58562469482422
-11.11142349243164
4.074790954589844
-33.20225524902344
-14.799579620361328
-3.1143646240234375
-44.58562469482422
-54.01768112182617
-34.009849548339844
-58.22342300415039
-63.022762298583984
-23.713279724121094
-26.36315155029297
-4.541923522949219
-4.509620666503906
-58.22342300415039
-31.66704559326172
5.818752288818359
-16.269248962402344
-25.961524963378906
-26.36315155029297
-63.022762298583984
-0.308990478515625
10.419986724853516
-61.29914474487305
13.20684814453125
-27.185794830322266
-10.068130493164062
-61.29914474487305
14.93362808227539
-27.185794830322266
19.81098175048828
-52.5666618347168
-21.272518157958984
-39.87930679321289
-15.414680480957031
-27.185794830322266
-10.672405242919922
-63.022762298583984
-61.29914474487305
-58.22342300415039
-61.29914474487305
-27.185794830322266
-6.444572448730469
-31.826675415039062
-48.10969543457031
-14.140579223632812
-4.580802917480469
-16.555355072021484
-30.729148864746094
-17.386287689208984
51.145877838134766
13.530010223388672
-28.600662231445312
-48.10969543457031
-14.56551742553711
-25.961524963378906
-47.07855224609375
2.5160140991210938
-26.129230499267578
-30.332794189453125
-63.022762298583984
-44.58562469482422
-26.587303161621094
-13.082477569580078
-48.51511764526367
-33.20225524902344
11.538227081298828
-4.1299591064453125
-58.22342300415039
-36.936134338378906
-61.29914474487305
-25.78748321533203
-0.09637832641601562
-54.01768112182617
-48.70038986206055
-41.69205093383789
86.97030639648438
-26.36315155029297
12.905204772949219
7.527183532714844
-48.51511764526367
-11.100204467773438
6.493335723876953
-26.36315155029297
-27.185794830322266
-13.650032043457031
-48.70038986206055
-6.209754943847656
-26.129230499267578
-26.129230499267578
-48.51511764526367
-26.36315155029297
15.638729095458984
12.986740112304688
-39.87930679321289
-6.209754943847656
-41.69205093383789
-27.185794830322266
-11.261817932128906
17.71167755126953
2.6016616821289062
-48.70038986206055
-54.01768112182617
-39.87930679321289
-63.022762298583984
-10.975269317626953
-11.810295104980469
-48.10969543457031
-44.58562469482422
-63.022762298583984
-27.185794830322266
-43.400001525878906
2.8934783935546875
-16.555355072021484
-33.68545913696289
-27.639755249023438
6.3001708984375
-44.58562469482422
-40.36021423339844
-42.04661560058594
-63.022762298583984
-39.87930679321289
-63.022762298583984
1.8735504150390625
-58.22342300415039
-39.87930679321289
-48.70038986206055
-26.36315155029297
-47.52369689941406
26.261592864990234
-63.022762298583984
-23.707237243652344
-13.396614074707031
-38.387413024902344
-48.51511764526367
-47.52369689941406
-54.01768112182617
-33.20225524902344
-30.403850555419922
-63.022762298583984
-26.36315155029297
-0.28305816650390625
-63.022762298583984
-33.20225524902344
-39.87930679321289
2.72052001953125
-48.70038986206055
34.01274871826172
-25.848045349121094
-48.10969543457031
-61.74615478515625
-31.164936065673828
-44.58562469482422
-48.70038986206055
11.391937255859375
18.28876495361328
-13.307369232177734
-36.936134338378906
11.538227081298828
2.6519927978515625
-63.022762298583984
20.525863647460938
-65.33883666992188
-52.5666618347168
-63.022762298583984
-26.977874755859375
-8.841201782226562
-27.185794830322266
8.415580749511719
-48.51511764526367
8.415580749511719
-39.72522735595703
-48.10969543457031
-26.36315155029297
-26.36315155029297
-58.22342300415039
-4.541923522949219
0.9531784057617188
-54.01768112182617
-61.74615478515625
-8.367179870605469
-26.36315155029297
-27.185794830322266
-25.78748321533203
-63.022762298583984
-0.35825347900390625
16.658950805664062
-10.441593170166016
-61.29914474487305
-48.51511764526367
-63.022762298583984
-44.58562469482422
-10.423171997070312
-63.022762298583984
-61.29914474487305
0.922943115234375
-23.713279724121094
-48.51511764526367
-5.7598419189453125
-30.02276611328125
-22.659255981445312
-36.936134338378906
-63.022762298583984
-33.20225524902344
-47.52369689941406
-41.69205093383789
-36.936134338378906
-40.36021423339844
-39.87930679321289
-43.400001525878906
-11.11142349243164
-54.01768112182617
-61.29914474487305
-48.51511764526367
-58.22342300415039
8.03873062133789
8.325584411621094
-19.95970916748047
-10.441593170166016
-54.01768112182617
40.41954040527344
-61.74615478515625
-16.555355072021484
-10.441593170166016
-33.20225524902344
-41.69205093383789
-65.33883666992188
-47.52369689941406
-39.72522735595703
-34.54882049560547
-16.816421508789062
-17.386287689208984
-44.58562469482422
-5.873016357421875
3.078125
-4.580802917480469
28.855484008789062
8.185047149658203
-6.209754943847656
-24.749088287353516
-12.55322265625
-6.209754943847656
3.0811538696289062
-11.810295104980469
-61.29914474487305
-44.58562469482422
-47.07855224609375
-33.20225524902344
-9.8055419921875
-43.400001525878906
-26.36315155029297
-63.022762298583984
-63.022762298583984
-10.054752349853516
-19.874237060546875
-39.87930679321289
-47.07855224609375
-47.52369689941406
-63.022762298583984
-37.962074279785156
-30.02276611328125
-34.009849548339844
-54.01768112182617
-26.977874755859375
0.6185836791992188
-26.36315155029297
-47.07855224609375
-65.33883666992188
-65.33883666992188
-63.022762298583984
10.193599700927734
-63.022762298583984
-15.095535278320312
-58.22342300415039
-39.87930679321289
-36.936134338378906
-63.022762298583984
-61.29914474487305
-43.400001525878906
-63.022762298583984
-24.699634552001953
-48.51511764526367
-30.403850555419922
-0.204498291015625
-37.653785705566406
-26.36315155029297
-63.022762298583984
-39.87930679321289
-61.29914474487305
14.895286560058594
-30.403850555419922
-28.600662231445312
-31.164936065673828
-61.29914474487305
-63.022762298583984
-58.22342300415039
-30.332794189453125
-37.962074279785156
-63.022762298583984
-30.729148864746094
-61.29914474487305
-38.387413024902344
-40.36021423339844
-4.248218536376953
17.178821563720703
-17.386287689208984
-26.36315155029297
-58.22342300415039
-48.10969543457031
-58.22342300415039
-61.29914474487305
31.364891052246094
-4.541923522949219
8.842144012451172
9.54550552368164
-36.936134338378906
-65.33883666992188
-48.70038986206055
-16.269248962402344
-28.600662231445312
15.819961547851562
-63.022762298583984
-31.826675415039062
-39.91010665893555
-63.022762298583984
-37.653785705566406
-26.36315155029297
-58.22342300415039
-34.54882049560547
-48.51511764526367
-47.52369689941406
-11.9627685546875
-4.541923522949219
-26.36315155029297
-22.936809539794922
-13.307369232177734
-44.58562469482422
-48.10969543457031
-61.29914474487305
-39.87930679321289
-16.269248962402344
-11.261817932128906
-26.36315155029297
-27.185794830322266
-48.51511764526367
-26.36315155029297
-31.164936065673828
1.7267990112304688
-43.400001525878906
-33.20225524902344
-31.317943572998047
-2.0601425170898438
-48.51511764526367
-48.70038986206055
-40.36021423339844
-26.36315155029297
-58.22342300415039
-27.185794830322266
-54.01768112182617
-1.0158538818359375
-63.022762298583984
-54.01768112182617
-61.29914474487305
-63.022762298583984
-54.01768112182617
-58.22342300415039
26.240982055664062
-7.18023681640625
-61.29914474487305
-39.87930679321289
-10.068130493164062
-36.936134338378906
-63.022762298583984
-37.653785705566406
-36.16225051879883
-26.36315155029297
-27.185794830322266
-26.36315155029297
11.788581848144531
-61.29914474487305
-2.8250732421875
-23.707237243652344
-11.414772033691406
6.6577301025390625
-13.743370056152344
-33.20225524902344
-0.09637832641601562
-41.69205093383789
-63.022762298583984
-21.272518157958984
-32.889404296875
-26.129230499267578
-36.936134338378906
-44.58562469482422
-36.936134338378906
-8.531208038330078
-23.713279724121094
-65.33883666992188
-13.307369232177734
-52.5666618347168
-39.72522735595703
-32.889404296875
-14.56551742553711
-26.36315155029297
-7.293239593505859
-26.36315155029297
-48.51511764526367
5.4411163330078125
-1.2379684448242188
-54.01768112182617
-41.69205093383789
-27.185794830322266
-2.6147308349609375
-65.33883666992188
-63.022762298583984
-39.87930679321289
-54.01768112182617
-48.10969543457031
-39.87930679321289
-54.01768112182617
