847.679931640625
1220.810791015625
787.4315795898438
782.663818359375
748.2506103515625
32.961875915527344
655.5012817382812
571.4727783203125
494.6121826171875
494.6121826171875
29.43021011352539
847.679931640625
104.8143081665039
612.426025390625
766.7286376953125
197.07086181640625
787.4315795898438
1176.33544921875
369.56121826171875
1345.949462890625
787.4315795898438
27.548709869384766
306.54656982421875
1604.27685546875
2398.26171875
847.679931640625
1146.299072265625
3625.3759765625
796.0902099609375
494.6121826171875
31.984642028808594
306.54656982421875
1507.56982421875
1132.11083984375
494.6121826171875
1142.902587890625
1248.6513671875
1113.1361083984375
237.5824737548828
847.679931640625
2362.4150390625
1362.7550048828125
197.07086181640625
1113.1361083984375
430.12005615234375
847.679931640625
782.663818359375
209.85182189941406
210.51116943359375
938.5071411132812
494.6121826171875
731.6294555664062
1146.299072265625
494.6121826171875
1531.06689453125
1626.3779296875
1115.477294921875
31.984642028808594
889.09130859375
787.4315795898438
3625.3759765625
738.846923828125
787.4315795898438
1112.14111328125
485.6592712402344
31.984642028808594
966.3256225585938
197.07086181640625
197.07086181640625
1332.844482421875
440.59515380859375
1132.11083984375
839.8341674804688
1656.8973388671875
197.07086181640625
1146.299072265625
264.46514892578125
787.4315795898438
847.679931640625
755.4912109375
1248.6513671875
1626.3779296875
517.6054077148438
787.4315795898438
612.426025390625
2748.44091796875
352.37799072265625
1142.5244140625
1248.6513671875
847.679931640625
624.2565307617188
360.46221923828125
1507.56982421875
1362.7550048828125
31.984642028808594
287.07916259765625
1507.56982421875
755.1412353515625
31.984642028808594
1968.1002197265625
1604.27685546875
661.9618530273438
494.6121826171875
954.560302734375
31.984642028808594
1039.2396240234375
847.679931640625
1507.56982421875
787.4315795898438
1507.56982421875
31.984642028808594
735.5810546875
206.9429168701172
237.5824737548828
889.8037109375
435.4231872558594
1013.2487182617188
210.51116943359375
308.287841796875
3172.736083984375
449.36163330078125
655.5012817382812
237.5824737548828
1112.14111328125
1142.5244140625
574.6961059570312
567.5909423828125
1270.373046875
1849.4322509765625
847.679931640625
197.07086181640625
619.4639282226562
938.5071411132812
782.663818359375
1132.11083984375
388.8132019042969
40.70362091064453
787.4315795898438
766.7286376953125
1507.56982421875
1288.9447021484375
458.58673095703125
1146.299072265625
1115.477294921875
1980.7437744140625
1849.6925048828125
1248.6513671875
357.9877624511719
1548.17236328125
782.663818359375
2187.537353515625
720.21435546875
1248.6513671875
31.984642028808594
1034.562255859375
1115.477294921875
1531.06689453125
1270.373046875
1270.373046875
782.663818359375
1248.6513671875
613.44677734375
1634.0238037109375
494.6121826171875
1531.06689453125
1980.7437744140625
31.984642028808594
1320.7918701171875
1580.0013427734375
1176.33544921875
1115.477294921875
1146.299072265625
494.6121826171875
847.679931640625
986.227294921875
450.9312744140625
237.5824737548828
197.07086181640625
847.679931640625
31.984642028808594
635.6865234375
434.5907897949219
1013.2487182617188
587.7962646484375
743.31591796875
1984.9163818359375
197.07086181640625
2398.26171875
346.4334411621094
847.679931640625
494.6121826171875
847.679931640625
738.2518920898438
787.4315795898438
494.6121826171875
1115.477294921875
1248.6513671875
654.6085815429688
744.29052734375
847.679931640625
1142.902587890625
32.52238464355469
2362.4150390625
782.663818359375
654.6085815429688
1146.299072265625
1132.11083984375
106.6890869140625
847.679931640625
1248.6513671875
263.21282958984375
847.679931640625
1132.11083984375
494.6121826171875
135.7754364013672
1115.477294921875
172.6881561279297
430.12005615234375
237.5824737548828
306.54656982421875
866.0701293945312
197.07086181640625
1115.477294921875
1029.1986083984375
557.9618530273438
146.03250122070312
766.7286376953125
388.8132019042969
776.383544921875
847.679931640625
911.6201782226562
284.498291015625
1604.27685546875
847.679931640625
966.3256225585938
1263.350341796875
31.984642028808594
736.3220825195312
782.663818359375
736.3220825195312
2337.677978515625
237.5824737548828
1248.6513671875
1248.6513671875
787.4315795898438
1626.3779296875
489.14996337890625
1146.299072265625
306.54656982421875
177.65090942382812
1248.6513671875
31.984642028808594
1288.9447021484375
847.679931640625
583.822021484375
246.60646057128906
1116.401611328125
1507.56982421875
782.663818359375
847.679931640625
197.07086181640625
92.0708236694336
847.679931640625
1507.56982421875
44.0634765625
755.4912109375
782.663818359375
864.5886840820312
1113.288330078125
626.3838500976562
766.7286376953125
847.679931640625
1132.11083984375
654.6085815429688
1980.7437744140625
766.7286376953125
2398.26171875
494.6121826171875
635.6865234375
1332.844482421875
1146.299072265625
1507.56982421875
782.663818359375
787.4315795898438
571.4727783203125
777.361328125
1269.3856201171875
1116.401611328125
1146.299072265625
715.4246215820312
306.54656982421875
1013.2487182617188
1116.401611328125
1132.11083984375
1980.7437744140625
284.498291015625
654.6085815429688
2337.677978515625
1130.211669921875
922.0989379882812
308.287841796875
197.07086181640625
745.5159301757812
617.1602172851562
435.4231872558594
395.9722900390625
594.39892578125
1531.06689453125
1098.816162109375
1526.8773193359375
1531.06689453125
366.10107421875
450.9312744140625
1507.56982421875
197.07086181640625
574.6961059570312
1132.11083984375
1447.0279541015625
635.6865234375
1248.6513671875
847.679931640625
847.679931640625
459.54949951171875
1310.4810791015625
494.6121826171875
574.6961059570312
654.6085815429688
847.679931640625
1254.51123046875
1113.288330078125
264.46514892578125
1146.299072265625
966.3256225585938
151.25564575195312
1248.6513671875
574.6961059570312
284.498291015625
284.498291015625
847.679931640625
427.3110046386719
847.679931640625
1690.732666015625
787.4315795898438
494.6121826171875
766.7286376953125
847.679931640625
1507.56982421875
635.6865234375
847.679931640625
1855.0699462890625
782.663818359375
106.6890869140625
645.8612060546875
1181.3515625
1248.6513671875
847.679931640625
494.6121826171875
1507.56982421875
366.09796142578125
106.6890869140625
655.5012817382812
866.0701293945312
1507.56982421875
847.679931640625
787.4315795898438
1849.4322509765625
1254.51123046875
847.679931640625
210.51116943359375
1507.56982421875
2362.4150390625
2398.26171875
92.11659240722656
2426.38427734375
308.287841796875
1248.6513671875
787.4315795898438
237.5824737548828
787.4315795898438
1507.56982421875
958.8677978515625
1626.3779296875
697.6910400390625
405.9757385253906
766.7286376953125
284.498291015625
1115.477294921875
352.37799072265625
655.5012817382812
1854.2188720703125
847.679931640625
206.9429168701172
1305.836181640625
847.679931640625
1181.3515625
1248.6513671875
787.4315795898438
1130.211669921875
782.663818359375
654.6085815429688
1685.052001953125
1626.3779296875
1248.6513671875
564.94873046875
146.03250122070312
197.07086181640625
237.5824737548828
1507.56982421875
494.6121826171875
352.37799072265625
1320.7918701171875
1248.6513671875
31.984642028808594
782.663818359375
1248.6513671875
866.0701293945312
658.2857666015625
635.6865234375
1132.11083984375
1082.4381103515625
696.2467041015625
782.663818359375
1115.477294921875
2398.26171875
1248.6513671875
787.4315795898438
31.984642028808594
1146.299072265625
339.9527282714844
847.679931640625
1146.299072265625
1507.56982421875
847.679931640625
1146.299072265625
787.4315795898438
1084.84521484375
871.94482421875
1507.56982421875
494.6121826171875
287.07916259765625
766.7286376953125
847.679931640625
1181.3515625
1113.1361083984375
1248.6513671875
31.984642028808594
1248.6513671875
2241.85888671875
1507.56982421875
919.1228637695312
1142.902587890625
885.8018188476562
407.1290283203125
867.13818359375
1132.11083984375
458.58673095703125
1980.7437744140625
847.679931640625
661.9618530273438
619.12109375
1270.373046875
766.7286376953125
197.07086181640625
766.7286376953125
32.961875915527344
755.4912109375
284.498291015625
146.03250122070312
1604.27685546875
2337.677978515625
619.12109375
1112.14111328125
1248.6513671875
335.8453369140625
1248.6513671875
782.663818359375
1472.290283203125
1425.4984130859375
1146.299072265625
1980.7437744140625
31.984642028808594
83.81404113769531
284.498291015625
847.679931640625
494.6121826171875
1146.299072265625
237.5824737548828
494.6121826171875
1146.299072265625
