25.258872985839844
24.502574920654297
26.66404914855957
29.87320899963379
26.38198471069336
25.476165771484375
25.476165771484375
24.940828323364258
25.163658142089844
30.941993713378906
26.80963706970215
26.931957244873047
27.771730422973633
28.391576766967773
24.532703399658203
25.561954498291016
24.502574920654297
24.80902099609375
24.940828323364258
26.66404914855957
24.397024154663086
24.382143020629883
26.252002716064453
25.55637550354004
25.476165771484375
25.476165771484375
26.931957244873047
26.252002716064453
25.476165771484375
24.382143020629883
25.269729614257812
24.616281509399414
26.252002716064453
23.903926849365234
25.27161979675293
28.418407440185547
24.18393325805664
25.55637550354004
25.437850952148438
24.767833709716797
24.44085693359375
24.445554733276367
24.502574920654297
25.454078674316406
26.931957244873047
25.065025329589844
25.258872985839844
24.02423095703125
24.244638442993164
24.382143020629883
24.445554733276367
26.20998764038086
24.382143020629883
25.476165771484375
26.252002716064453
26.931957244873047
27.97845458984375
24.940828323364258
25.476165771484375
27.771730422973633
24.18393325805664
26.270095825195312
26.66404914855957
24.689313888549805
25.52391815185547
25.74411392211914
25.454078674316406
27.735437393188477
27.97845458984375
24.445554733276367
24.767833709716797
24.18393325805664
25.258872985839844
24.83865737915039
24.168014526367188
25.476165771484375
24.651470184326172
24.445554733276367
24.86717987060547
26.334238052368164
25.75861358642578
26.931957244873047
24.382143020629883
26.330791473388672
26.931957244873047
26.252002716064453
26.270095825195312
25.632652282714844
25.543773651123047
24.445554733276367
32.86143112182617
25.34158706665039
26.38198471069336
26.47248649597168
26.252002716064453
23.950716018676758
25.702558517456055
25.909271240234375
25.0513858795166
27.593685150146484
24.277204513549805
30.941993713378906
25.453411102294922
32.96475601196289
25.476165771484375
27.399394989013672
30.941993713378906
28.605409622192383
25.269729614257812
25.853363037109375
25.258872985839844
24.244638442993164
30.941993713378906
24.940828323364258
24.86717987060547
26.252002716064453
26.270095825195312
24.18393325805664
28.68170928955078
24.277204513549805
27.70351791381836
25.163658142089844
27.543922424316406
25.476165771484375
25.258872985839844
26.931957244873047
26.50483512878418
26.499473571777344
26.030895233154297
30.941993713378906
25.27161979675293
24.18393325805664
25.75861358642578
25.853363037109375
33.620452880859375
25.391433715820312
25.086105346679688
24.18393325805664
476.33099365234375
24.86734390258789
27.66771697998047
27.21746826171875
24.502574920654297
26.353713989257812
37.77623748779297
24.697038650512695
25.258872985839844
26.252002716064453
30.941993713378906
24.79448699951172
79.28740692138672
37.03356170654297
60.0126953125
31.727672576904297
65.10877227783203
72.9018783569336
65.10877227783203
35.17512512207031
45.40349197387695
62.174434661865234
29.39826774597168
47.753395080566406
41.366676330566406
37.61444091796875
33.651885986328125
34.95399475097656
88.60689544677734
32.615360260009766
29.83039665222168
34.147640228271484
71.24032592773438
31.05327033996582
37.889591217041016
36.133060455322266
31.24922752380371
115.17100524902344
43.51247024536133
418.90728759765625
35.172019958496094
33.651885986328125
34.9443359375
34.16339111328125
29.351699829101562
35.77121353149414
32.591861724853516
93.21395874023438
32.89262771606445
45.84663391113281
33.651885986328125
98.31108093261719
34.08920669555664
74.30001831054688
37.61444091796875
23.77889060974121
198.3463134765625
88.12659454345703
29.50189208984375
33.97444152832031
33.55513000488281
33.8907470703125
70.90223693847656
34.95399475097656
31.628368377685547
85.1204605102539
89.71009063720703
37.61444091796875
28.779190063476562
34.42084884643555
38.75600814819336
53.5001106262207
28.779190063476562
28.552854537963867
39.27413558959961
37.73774719238281
37.52191925048828
34.36184310913086
32.66291427612305
70.9566650390625
88.01404571533203
47.56102752685547
31.454883575439453
32.615360260009766
29.04034423828125
90.43655395507812
34.93704605102539
30.03640365600586
35.756195068359375
37.61444091796875
29.14580535888672
37.295684814453125
31.05327033996582
87.41178131103516
2169.51220703125
40.03205108642578
30.662464141845703
83.78728485107422
29.610544204711914
75.80089569091797
84.05581665039062
36.57041931152344
54.36637496948242
38.75600814819336
50.27969741821289
79.97034454345703
32.87346649169922
29.14580535888672
30.219585418701172
28.632234573364258
29.381175994873047
34.830543518066406
30.987558364868164
29.6594295501709
37.61444091796875
37.24903869628906
37.01146697998047
47.80891799926758
28.507028579711914
29.475675582885742
29.693700790405273
31.540481567382812
29.14580535888672
37.99660110473633
37.563697814941406
31.128206253051758
31.599355697631836
37.2666015625
38.135379791259766
28.601226806640625
34.95399475097656
29.088964462280273
38.010494232177734
22646030336.0
31.099239349365234
37.61444091796875
38.15515899658203
75.70366668701172
43.81941223144531
107739455488.0
37.14713668823242
29.902854919433594
36.770103454589844
32.23765563964844
70.99075317382812
31.189395904541016
33.127586364746094
34.33028793334961
71.59343719482422
36.33444595336914
29.50189208984375
36.00639724731445
32.28251647949219
37.83829116821289
43.53593444824219
47.57191848754883
30.224864959716797
50.23196029663086
71.52590942382812
31.717876434326172
47.069759368896484
44.152164459228516
30.152820587158203
72.8766098022461
28.507028579711914
37.5206413269043
55.81362533569336
42.272796630859375
42.143211364746094
31.989059448242188
40.12434005737305
28.64853858947754
66.2807388305664
38.75600814819336
29.92965316772461
28.86953353881836
86.7572021484375
72.3869400024414
30.473278045654297
48.11650085449219
38.35288619995117
29.798343658447266
104.13439178466797
31.245473861694336
180094.09375
29.822189331054688
29.325088500976562
37.02472686767578
274.3734130859375
95.97964477539062
36.30867004394531
29.06059455871582
37.02472686767578
33.24376678466797
28.432796478271484
33.18330764770508
37.63890838623047
28.60563850402832
89.2014389038086
50.197052001953125
28.507028579711914
115.31983947753906
24.25353240966797
31.221542358398438
33.43199920654297
45.44343185424805
31.293270111083984
32.02061080932617
37.61444091796875
29.96453094482422
28.838022232055664
38.91825485229492
83.77790832519531
54.723487854003906
88.12406921386719
28.588634490966797
29.14580535888672
47.77106475830078
91.68807220458984
248.82852172851562
104.2264404296875
36.987239837646484
32.058589935302734
32.76885986328125
46.06150436401367
36.71228790283203
29.05643081665039
31.456010818481445
93.79231262207031
39.450103759765625
29.036849975585938
31.05327033996582
368564416.0
29.14580535888672
33.24376678466797
58.408451080322266
192.93922424316406
71.02053833007812
31.46525764465332
35.19612121582031
35.27224349975586
39.33024978637695
36.471923828125
72.46344757080078
37.61444091796875
28.792537689208984
34.06643295288086
38.95268630981445
28.508573532104492
32.409461975097656
82.7788314819336
88.9311294555664
35672.953125
71.0596923828125
43.58382797241211
71.84920501708984
31.99669647216797
71.02053833007812
68.00495910644531
72.8718490600586
34.92567825317383
29.381175994873047
33.671607971191406
46.649349212646484
31.12436866760254
33.268184661865234
89.77916717529297
33.06776428222656
38.51691818237305
40.359615325927734
29.61297035217285
85.96781158447266
37.666011810302734
31.743515014648438
37.881832122802734
75.3641128540039
38.970638275146484
33.651885986328125
29.50189208984375
25.79133415222168
71.40463256835938
72.3865966796875
36.875999450683594
33.066219329833984
75.23908996582031
90.74708557128906
44.247825622558594
33.361385345458984
90.62480163574219
29.76373291015625
29.325088500976562
33.24376678466797
37.61444091796875
30.561838150024414
46.16493225097656
34.95399475097656
36.515586853027344
29.50189208984375
46.94675064086914
35.668365478515625
33.52993392944336
38.08110046386719
38.7565803527832
81.34659576416016
29.61297035217285
49434763198464.0
37.75044250488281
80.61737060546875
28.508573532104492
5.0126059570363734e+20
34.95399475097656
488.8409423828125
33.220733642578125
33.33613586425781
29.327388763427734
33.98078918457031
35.179443359375
266.601318359375
34.757354736328125
97.65946197509766
35.043922424316406
28.779190063476562
38.59588623046875
104.18387603759766
29.325088500976562
31.64165496826172
29.14580535888672
76.16146850585938
34.564632415771484
30.83037567138672
31.708904266357422
32.98484420776367
37.36309051513672
34.95399475097656
37.5965576171875
58.89018630981445
103.05555725097656
71.59600067138672
34.95399475097656
31.245473861694336
28.86953353881836
36.476806640625
1.6853963874796776e+22
71.12165832519531
29.017860412597656
34.22084426879883
29.14580535888672
49.91188049316406
29.091997146606445
34.95399475097656
31.126953125
58.894805908203125
90.85933685302734
34.95399475097656
37.61444091796875
47.826210021972656
36.32752990722656
37.18088912963867
35.2895622253418
29.271570205688477
29.807418823242188
38.75577926635742
