31.511777877807617
32.803733825683594
32.995357513427734
35.45042419433594
32.62933349609375
32.49585723876953
32.49585723876953
30.970848083496094
31.652538299560547
41.37786865234375
33.017696380615234
32.41012954711914
35.07112503051758
34.400150299072266
30.958389282226562
31.772205352783203
32.803733825683594
31.375072479248047
30.970848083496094
32.995357513427734
31.344310760498047
31.584688186645508
32.85322952270508
32.279388427734375
32.49585723876953
32.49585723876953
32.41012954711914
32.85322952270508
32.49585723876953
31.584688186645508
31.060670852661133
31.549015045166016
32.85322952270508
30.903610229492188
31.847919464111328
34.339134216308594
31.313817977905273
32.279388427734375
31.777587890625
30.76504135131836
31.156625747680664
31.422927856445312
32.803733825683594
31.551429748535156
32.41012954711914
32.77873992919922
31.511777877807617
31.200565338134766
30.942596435546875
31.584688186645508
31.422927856445312
32.5133056640625
31.584688186645508
32.49585723876953
32.85322952270508
32.41012954711914
33.98118591308594
30.970848083496094
32.49585723876953
35.07112503051758
31.313817977905273
32.78731918334961
32.995357513427734
32.283870697021484
31.196529388427734
31.432668685913086
31.551429748535156
33.66178512573242
33.98118591308594
31.422927856445312
30.76504135131836
31.313817977905273
31.511777877807617
31.241336822509766
30.67502212524414
32.49585723876953
31.316415786743164
31.422927856445312
31.152931213378906
32.31427001953125
32.949928283691406
32.41012954711914
31.584688186645508
30.529098510742188
32.41012954711914
32.85322952270508
32.78731918334961
30.6346378326416
31.62302589416504
31.422927856445312
45.23360061645508
30.82718849182129
32.62933349609375
31.02419662475586
32.85322952270508
30.99739646911621
31.461429595947266
31.055259704589844
31.509639739990234
32.62038803100586
31.046327590942383
41.37786865234375
30.994396209716797
45.41702651977539
32.49585723876953
35.709373474121094
41.37786865234375
34.04924392700195
31.060670852661133
31.782445907592773
31.511777877807617
30.942596435546875
41.37786865234375
30.970848083496094
31.152931213378906
32.85322952270508
32.78731918334961
31.313817977905273
33.302490234375
31.046327590942383
34.892860412597656
31.652538299560547
31.875864028930664
32.49585723876953
31.511777877807617
32.41012954711914
32.778968811035156
31.574859619140625
32.54660415649414
41.37786865234375
31.847919464111328
31.313817977905273
32.949928283691406
31.782445907592773
44.57229995727539
30.77243995666504
30.810073852539062
31.313817977905273
602.3864135742188
31.80181884765625
33.36360549926758
30.858976364135742
32.803733825683594
32.661903381347656
50.591949462890625
32.34550476074219
31.511777877807617
32.85322952270508
41.37786865234375
32.5218505859375
122.70228576660156
43.63548278808594
78.59587097167969
40.95125961303711
83.24348449707031
129.66453552246094
83.24348449707031
40.526123046875
53.98444366455078
76.78211212158203
36.49184799194336
58.680545806884766
46.63019561767578
43.90233612060547
40.193077087402344
40.730464935302734
132.7622833251953
41.145118713378906
38.0736198425293
37.47245788574219
94.93053436279297
39.56364059448242
43.87983322143555
41.672950744628906
37.50428771972656
157.0692901611328
46.02056884765625
642.0924072265625
39.954166412353516
40.193077087402344
39.760684967041016
38.62677001953125
37.73403549194336
40.65556335449219
41.476654052734375
140.02566528320312
40.73276138305664
52.789825439453125
40.193077087402344
123.81751251220703
38.52967834472656
131.95164489746094
43.90233612060547
31.52735710144043
296.4971618652344
140.49945068359375
38.93653869628906
39.47644805908203
38.785518646240234
37.868473052978516
125.88626098632812
40.730464935302734
38.12735366821289
81.63882446289062
141.42044067382812
43.90233612060547
38.0018196105957
39.71770477294922
44.544219970703125
52.10663604736328
38.0018196105957
37.132144927978516
43.66011428833008
45.17571258544922
44.13511657714844
41.917537689208984
40.634178161621094
125.75909423828125
143.8517608642578
58.023582458496094
37.582916259765625
41.145118713378906
36.882816314697266
149.43385314941406
42.69855499267578
37.76905059814453
40.4989013671875
43.90233612060547
37.89921569824219
44.734920501708984
39.56364059448242
136.1544189453125
2548.40869140625
47.705169677734375
38.83757781982422
127.20864868164062
37.73754119873047
138.3543243408203
75.9029312133789
42.04417419433594
67.51832580566406
44.544219970703125
57.89681625366211
134.2693328857422
41.95808029174805
37.89921569824219
37.82603073120117
36.58275604248047
37.66400146484375
39.85350799560547
39.415382385253906
37.752952575683594
43.90233612060547
43.714176177978516
43.634300231933594
53.797367095947266
37.38641357421875
39.03777313232422
37.50308609008789
39.14723205566406
37.89921569824219
44.35438919067383
42.07098388671875
38.28045654296875
39.19463348388672
43.55752182006836
42.84370422363281
36.52414321899414
40.730464935302734
37.96062088012695
42.72650146484375
32742.78515625
38.879920959472656
43.90233612060547
44.67240905761719
132.7061767578125
47.14651870727539
48943.44921875
43.33451843261719
34.817752838134766
43.0896110534668
39.057857513427734
128.01495361328125
38.566036224365234
37.17163848876953
39.30101013183594
128.25804138183594
43.30727005004883
38.93653869628906
41.917484283447266
41.31674575805664
43.66115188598633
46.4927978515625
57.80221939086914
37.69568634033203
59.02134323120117
130.05609130859375
38.428382873535156
57.34254455566406
47.54850769042969
40.11618423461914
130.72271728515625
37.38641357421875
43.956764221191406
70.86163330078125
47.337730407714844
50.383811950683594
40.47758102416992
43.752864837646484
37.459957122802734
64.38999938964844
44.544219970703125
38.40071105957031
37.8174934387207
141.10240173339844
114.11114501953125
37.57137680053711
59.88677978515625
45.73827362060547
39.633758544921875
133.9306640625
38.62352752685547
4113.24658203125
37.36119842529297
38.609928131103516
43.91303253173828
422.9852600097656
87.70851135253906
44.30045700073242
36.41444396972656
43.91303253173828
40.177459716796875
35.84592819213867
37.39042663574219
43.68728256225586
36.86020278930664
148.2323760986328
62.69341278076172
37.38641357421875
164.18283081054688
31.66810417175293
39.36650085449219
41.3449592590332
49.86835861206055
39.34717559814453
38.97138977050781
43.90233612060547
36.86811065673828
36.8338508605957
43.3590202331543
111.0020751953125
64.82872009277344
137.37667846679688
35.98318099975586
37.89921569824219
57.777366638183594
138.90509033203125
253.1446075439453
152.7464141845703
41.483612060546875
40.646244049072266
40.15088653564453
50.929176330566406
42.924766540527344
35.9896354675293
35.85812759399414
114.26301574707031
44.8278694152832
36.88968276977539
39.56364059448242
9568.392578125
37.89921569824219
40.177459716796875
75.4845962524414
388.758056640625
127.3172607421875
39.419368743896484
43.54325485229492
42.9127197265625
45.806304931640625
40.33760070800781
130.2392578125
43.90233612060547
37.64103698730469
39.04729461669922
45.2647590637207
36.79545593261719
38.745460510253906
133.02149963378906
146.10353088378906
1075.0360107421875
128.09967041015625
49.39006805419922
130.06808471679688
36.95256042480469
127.3172607421875
85.46052551269531
118.01387023925781
39.99448776245117
37.66400146484375
37.470863342285156
56.90520477294922
38.23515701293945
41.031219482421875
141.783447265625
37.19731903076172
48.486690521240234
47.15507888793945
38.00544738769531
142.5031280517578
44.62776184082031
38.48381805419922
44.139225006103516
131.8133544921875
46.4478645324707
40.193077087402344
38.93653869628906
31.496042251586914
126.96469116210938
129.8037567138672
46.008270263671875
41.2979621887207
131.2454071044922
144.5789337158203
47.92635726928711
43.396759033203125
152.6885986328125
37.73439407348633
38.609928131103516
40.177459716796875
43.90233612060547
36.826812744140625
54.188026428222656
40.730464935302734
40.07714080810547
38.93653869628906
54.329925537109375
42.4700813293457
39.477603912353516
43.98426818847656
44.68195343017578
130.07562255859375
38.00544738769531
23531.150390625
42.400489807128906
134.32286071777344
36.79545593261719
157199.046875
40.730464935302734
1246.9671630859375
37.15104675292969
37.935791015625
37.839256286621094
37.76482391357422
40.20524978637695
680.3224487304688
39.3657112121582
151.19882202148438
40.33246612548828
38.0018196105957
45.678382873535156
152.65272521972656
38.609928131103516
39.13729476928711
37.89921569824219
132.0373992919922
38.939762115478516
39.94142150878906
37.87070083618164
37.480438232421875
43.56340026855469
40.730464935302734
43.34257888793945
66.94588470458984
189.8258819580078
129.23080444335938
40.730464935302734
38.62352752685547
37.8174934387207
42.287208557128906
5447456.5
128.02830505371094
35.9462890625
39.96931457519531
37.89921569824219
48.928192138671875
37.638675689697266
40.730464935302734
38.91184616088867
76.54803466796875
144.8638153076172
40.730464935302734
43.90233612060547
58.25690841674805
42.30827331542969
46.83942794799805
40.48923110961914
38.42858123779297
38.67961120605469
43.154823303222656
