30.957672119140625
31.983320236206055
32.43515396118164
34.97846221923828
32.04311752319336
31.81499481201172
31.81499481201172
30.396766662597656
31.09174156188965
40.06024169921875
32.40970993041992
31.948162078857422
34.36610412597656
33.84544372558594
30.36827850341797
31.21161651611328
31.983320236206055
30.7408390045166
30.396766662597656
32.43515396118164
30.66187858581543
30.885467529296875
32.21925735473633
31.684240341186523
31.81499481201172
31.81499481201172
31.948162078857422
32.21925735473633
31.81499481201172
30.885467529296875
30.516530990600586
30.868078231811523
32.21925735473633
30.21640968322754
31.205488204956055
33.795230865478516
30.626514434814453
31.684240341186523
31.16502571105957
30.201948165893555
30.526121139526367
30.75795555114746
31.983320236206055
31.030855178833008
31.948162078857422
32.03517150878906
30.957672119140625
30.51175880432129
30.299800872802734
30.885467529296875
30.75795555114746
31.885465621948242
30.885467529296875
31.81499481201172
32.21925735473633
31.948162078857422
33.447357177734375
30.396766662597656
31.81499481201172
34.36610412597656
30.626514434814453
32.163578033447266
32.43515396118164
31.54299545288086
30.6627140045166
30.958986282348633
31.030855178833008
33.139686584472656
33.447357177734375
30.75795555114746
30.201948165893555
30.626514434814453
30.957672119140625
30.636632919311523
30.064727783203125
31.81499481201172
30.674297332763672
30.75795555114746
30.55771827697754
31.697452545166016
32.24957275390625
31.948162078857422
30.885467529296875
30.18045425415039
31.948162078857422
32.21925735473633
32.163578033447266
30.231637954711914
31.057334899902344
30.75795555114746
43.5107421875
30.339685440063477
32.04311752319336
30.65159034729004
32.21925735473633
30.307575225830078
30.941650390625
30.652463912963867
30.89177894592285
32.18312072753906
30.411884307861328
40.06024169921875
30.488283157348633
43.657752990722656
31.81499481201172
34.8831901550293
40.06024169921875
33.53398513793945
30.516530990600586
31.25646209716797
30.957672119140625
30.299800872802734
40.06024169921875
30.396766662597656
30.55771827697754
32.21925735473633
32.163578033447266
30.626514434814453
32.987831115722656
30.411884307861328
34.206478118896484
31.09174156188965
31.458324432373047
31.81499481201172
30.957672119140625
31.948162078857422
32.18758773803711
31.184362411499023
31.924516677856445
40.06024169921875
31.205488204956055
30.626514434814453
32.24957275390625
31.25646209716797
43.034828186035156
30.28404998779297
30.295869827270508
30.626514434814453
557.6799926757812
31.118343353271484
32.83885955810547
30.569278717041016
31.983320236206055
32.06746292114258
48.517112731933594
31.58758544921875
30.957672119140625
32.21925735473633
40.06024169921875
31.767370223999023
110.24545288085938
42.89226150512695
74.7632827758789
39.66511535644531
80.00398254394531
110.93214416503906
80.00398254394531
39.83445358276367
52.38344955444336
72.54872131347656
35.63870620727539
56.46589660644531
45.72232437133789
43.02410125732422
39.32707977294922
40.112918853759766
114.7964859008789
39.93286895751953
36.991355895996094
37.16400909423828
87.90709686279297
38.40239334106445
42.82865905761719
40.71477127075195
36.713592529296875
143.65997314453125
45.32246780395508
523.8060302734375
39.4683837890625
39.32707977294922
39.062923431396484
38.00999450683594
36.663822174072266
40.11086654663086
40.19874572753906
125.47689819335938
39.58415603637695
51.45219039916992
39.32707977294922
118.40198516845703
38.03845977783203
112.68402862548828
43.02410125732422
30.75705337524414
264.8623046875
125.18768310546875
37.71708679199219
38.92093276977539
38.070674896240234
37.48439025878906
108.24010467529297
40.112918853759766
37.33071517944336
81.6787338256836
126.48993682861328
43.02410125732422
36.84990692138672
39.079280853271484
43.771583557128906
51.7656135559082
36.84990692138672
36.07786178588867
43.04315185546875
43.89193344116211
43.36882781982422
40.71687316894531
39.48256301879883
107.49695587158203
128.0283660888672
55.91777420043945
36.82016372680664
39.93286895751953
35.93899154663086
132.22154235839844
41.51401138305664
36.795082092285156
39.96402359008789
43.02410125732422
36.81036376953125
43.8892822265625
38.40239334106445
122.21481323242188
1395.5380859375
46.6404914855957
37.75904846191406
114.33363342285156
36.7138786315918
118.08821868896484
74.47376251220703
41.12395095825195
64.42613983154297
43.771583557128906
55.86454391479492
116.25144958496094
40.629825592041016
36.81036376953125
36.83999252319336
35.636539459228516
36.598445892333984
39.25767135620117
38.28788757324219
36.72064208984375
43.02410125732422
42.97646713256836
42.8846549987793
52.239402770996094
36.2939567565918
37.81654357910156
36.516536712646484
38.10837936401367
36.81036376953125
43.59156799316406
41.52819061279297
37.35850143432617
38.129852294921875
42.841835021972656
42.20198059082031
35.57776641845703
40.112918853759766
36.84309387207031
42.14253616333008
9847.5625
37.85931396484375
43.02410125732422
43.882362365722656
113.63800048828125
46.30134582519531
13580.013671875
42.50038146972656
34.27424240112305
42.39639663696289
38.14056396484375
109.04358673095703
37.615806579589844
36.78322982788086
38.79241943359375
109.26313018798828
42.545616149902344
37.71708679199219
41.083953857421875
40.08852005004883
43.000362396240234
45.723045349121094
55.77021408081055
36.71744155883789
56.739906311035156
110.60336303710938
37.53092575073242
55.29263687133789
46.68122482299805
38.79176330566406
111.19466400146484
36.2939567565918
42.953006744384766
68.29751586914062
46.286685943603516
49.09624099731445
39.26905059814453
43.2380485534668
36.379783630371094
63.614784240722656
43.771583557128906
37.310523986816406
36.6995735168457
125.80477905273438
102.75244140625
36.67840576171875
57.45967102050781
44.66971206665039
38.34712600708008
121.12359619140625
37.63893127441406
2113.291748046875
36.443275451660156
37.43675994873047
43.12871170043945
371.2071228027344
86.76981353759766
43.15595245361328
35.540260314941406
43.12871170043945
39.25959014892578
34.9834098815918
36.99063491821289
42.8708610534668
35.859004974365234
131.28370666503906
59.992008209228516
36.2939567565918
150.47366333007812
30.932445526123047
38.242794036865234
40.18803787231445
48.74549102783203
38.25149917602539
38.10619354248047
43.02410125732422
36.03127670288086
35.88616180419922
42.6291389465332
104.4385986328125
62.02549743652344
123.28469848632812
35.10895538330078
36.81036376953125
55.76609420776367
124.94670867919922
231.11001586914062
137.12594604492188
40.95286178588867
39.43581771850586
39.09812927246094
49.688140869140625
42.09360885620117
35.13506317138672
35.364437103271484
105.48592376708984
44.15856170654297
35.948509216308594
38.40239334106445
4069.93896484375
36.81036376953125
39.25959014892578
70.74431610107422
307.48651123046875
108.56845092773438
38.33344268798828
42.233924865722656
41.637943267822266
44.93765640258789
39.91791534423828
111.07713317871094
43.02410125732422
36.543338775634766
38.5633544921875
44.08957290649414
35.787322998046875
37.913692474365234
116.22441101074219
129.66937255859375
882.9183959960938
109.11978149414062
48.30495834350586
110.67974090576172
36.378082275390625
108.56845092773438
81.9899673461914
105.50218200683594
39.492027282714844
36.598445892333984
37.11989212036133
54.901641845703125
37.27976608276367
39.92738723754883
126.74385833740234
36.80268478393555
46.54782485961914
46.149085998535156
36.95097351074219
122.34600830078125
43.58540725708008
37.625186920166016
43.291316986083984
112.93421936035156
45.08863067626953
39.32707977294922
37.71708679199219
30.954397201538086
108.17990112304688
110.57251739501953
44.342918395996094
40.110862731933594
112.31690216064453
128.89266967773438
46.99634552001953
41.92841339111328
134.67445373535156
36.707061767578125
37.43675994873047
39.25959014892578
43.02410125732422
36.02418899536133
52.5482063293457
40.112918853759766
39.66692352294922
37.71708679199219
52.6011848449707
41.44691848754883
38.62453842163086
43.2845573425293
43.96394348144531
113.71054077148438
36.95097351074219
8013.533203125
41.82163619995117
115.76366424560547
35.787322998046875
28333.994140625
40.112918853759766
819.324462890625
36.77155303955078
37.419734954833984
36.755584716796875
37.41356658935547
39.67826461791992
498.04522705078125
38.90940856933594
135.14564514160156
39.77328872680664
36.84990692138672
44.76583480834961
137.0524139404297
37.43675994873047
38.13762283325195
36.81036376953125
112.96943664550781
38.295597076416016
38.72980880737305
37.08918380737305
37.03196334838867
42.864009857177734
40.112918853759766
42.58655548095703
64.97561645507812
155.41737365722656
109.99633026123047
40.112918853759766
37.63893127441406
36.6995735168457
41.35228729248047
261239.90625
109.1098403930664
35.11565017700195
39.13899612426758
36.81036376953125
48.66450881958008
36.57158279418945
40.112918853759766
37.90528869628906
71.654052734375
129.1141815185547
40.112918853759766
43.02410125732422
56.19752502441406
41.691001892089844
45.04082489013672
39.69377136230469
37.290000915527344
37.516754150390625
42.545291900634766
