6.464744567871094
17.130565643310547
6.67945671081543
13.672674179077148
8.21030044555664
4.711936950683594
4.711936950683594
7.186775207519531
5.159214019775391
9.813663482666016
8.697704315185547
9.285879135131836
6.773956298828125
11.557409286499023
4.236289978027344
7.748615264892578
17.130565643310547
4.9251251220703125
7.186775207519531
6.67945671081543
3.688356399536133
1.7155132293701172
6.445497512817383
4.525468826293945
4.711936950683594
4.711936950683594
9.285879135131836
6.445497512817383
4.711936950683594
1.7155132293701172
7.423868179321289
4.219089508056641
6.445497512817383
5.277843475341797
5.61724853515625
11.797073364257812
1.9060287475585938
4.525468826293945
6.468252182006836
6.2000885009765625
3.339315414428711
2.2572250366210938
17.130565643310547
6.771829605102539
9.285879135131836
15.497194290161133
6.464744567871094
1.8427982330322266
3.6210498809814453
1.7155132293701172
2.2572250366210938
7.473121643066406
1.7155132293701172
4.711936950683594
6.445497512817383
9.285879135131836
10.557449340820312
7.186775207519531
4.711936950683594
6.773956298828125
1.9060287475585938
6.648508071899414
6.67945671081543
15.850866317749023
8.903913497924805
8.083124160766602
6.771829605102539
10.114982604980469
10.557449340820312
2.2572250366210938
6.2000885009765625
1.9060287475585938
6.464744567871094
4.973634719848633
3.9201316833496094
4.711936950683594
4.297643661499023
2.2572250366210938
5.249187469482422
23.41118049621582
4.451038360595703
9.285879135131836
1.7155132293701172
12.911508560180664
9.285879135131836
6.445497512817383
6.648508071899414
9.715570449829102
6.3596954345703125
2.2572250366210938
10.998493194580078
8.070411682128906
8.21030044555664
12.043127059936523
6.445497512817383
4.654958724975586
7.633859634399414
9.700784683227539
4.986122131347656
12.344358444213867
3.3388118743896484
9.813663482666016
8.186132431030273
11.207122802734375
4.711936950683594
6.3098602294921875
9.813663482666016
14.548791885375977
7.423868179321289
8.856182098388672
6.464744567871094
3.6210498809814453
9.813663482666016
7.186775207519531
5.249187469482422
6.445497512817383
6.648508071899414
1.9060287475585938
15.69332504272461
3.3388118743896484
7.091361999511719
5.159214019775391
19.073434829711914
4.711936950683594
6.464744567871094
9.285879135131836
7.657314300537109
10.123422622680664
15.694021224975586
9.813663482666016
5.61724853515625
1.9060287475585938
4.451038360595703
8.856182098388672
16.28513526916504
8.430898666381836
6.953237533569336
1.9060287475585938
14181.16015625
5.871770858764648
11.968997955322266
15.559976577758789
17.130565643310547
7.2199859619140625
22.378040313720703
1.8536262512207031
6.464744567871094
6.445497512817383
9.813663482666016
17.568939208984375
55.2431640625
19.155000686645508
44.54417037963867
11.277656555175781
30.71131134033203
49.5715217590332
30.71131134033203
19.05184555053711
36.16315460205078
54.71983337402344
11.292291641235352
31.736034393310547
33.49306869506836
27.676013946533203
13.207637786865234
18.32991600036621
104.8184814453125
14.960197448730469
9.090923309326172
24.531166076660156
61.25994110107422
9.328411102294922
28.381126403808594
26.390392303466797
14.105436325073242
111.2653579711914
38.1417236328125
10113.982421875
22.15511131286621
13.207637786865234
25.89829444885254
25.055557250976562
6.886142730712891
21.534412384033203
10.037391662597656
71.50679779052734
14.423238754272461
38.7545051574707
13.207637786865234
422.5863037109375
20.673418045043945
55.720516204833984
27.676013946533203
0.8026504516601562
854.2734985351562
58.910301208496094
6.445158004760742
18.45458984375
21.25624656677246
21.653676986694336
47.48874282836914
18.32991600036621
13.672691345214844
124.20169067382812
60.12139892578125
27.676013946533203
2.907012939453125
28.121360778808594
24.237606048583984
76.93730163574219
2.907012939453125
6.099508285522461
32.047550201416016
25.191818237304688
20.684568405151367
20.280792236328125
13.887332916259766
48.7824821472168
62.0350227355957
32.30754470825195
17.887197494506836
14.960197448730469
6.860744476318359
58.7803955078125
19.469783782958984
7.911184310913086
24.856409072875977
27.676013946533203
4.983390808105469
20.850418090820312
9.328411102294922
58.65486526489258
3464801.5
26.881120681762695
7.894203186035156
60.35451126098633
8.112323760986328
51.46263885498047
176.2796630859375
25.6571102142334
42.12467575073242
24.237606048583984
42.88200378417969
58.35581588745117
15.251129150390625
4.983390808105469
11.085552215576172
6.293983459472656
8.696514129638672
18.481130599975586
10.523818969726562
8.882347106933594
27.676013946533203
21.056289672851562
19.436124801635742
40.3682746887207
4.9281158447265625
4.3881072998046875
9.516752243041992
12.216846466064453
4.983390808105469
20.784690856933594
25.26282501220703
12.89617919921875
12.835161209106445
21.27088165283203
29.450664520263672
5.589149475097656
18.32991600036621
5.415245056152344
29.314172744750977
9.223464258392556e+17
10.283235549926758
27.676013946533203
20.763526916503906
54.29689025878906
36.031280517578125
1.2478775278048379e+19
27.116737365722656
16.46999168395996
21.568195343017578
15.763603210449219
47.59093475341797
11.147436141967773
20.006752014160156
22.358959197998047
48.054222106933594
17.523658752441406
6.445158004760742
20.806962966918945
11.662712097167969
25.530418395996094
36.05223846435547
32.05776596069336
11.902509689331055
41.88673782348633
47.203857421875
16.465208053588867
32.16871643066406
36.28347396850586
6.914043426513672
49.39641571044922
4.9281158447265625
26.937400817871094
27.16073989868164
34.04327392578125
26.101428985595703
11.14337158203125
27.672687530517578
4.526021957397461
107.33152770996094
24.237606048583984
8.515460968017578
4.699466705322266
56.307701110839844
48.220802307128906
11.399320602416992
32.49848556518555
25.69428253173828
5.352621078491211
116.30860900878906
15.073509216308594
246787376.0
7.927753448486328
3.810565948486328
18.781524658203125
6662.91064453125
146.67408752441406
18.314647674560547
9.06789779663086
18.781524658203125
16.545774459838867
9.30180549621582
19.33909797668457
27.460872650146484
5.939779281616211
58.03590393066406
33.19214630126953
4.9281158447265625
113.50859069824219
2.5926361083984375
10.809341430664062
12.707008361816406
37.423648834228516
10.940465927124023
14.534826278686523
27.676013946533203
10.414791107177734
8.106189727783203
38.26826095581055
74.4947509765625
47.381866455078125
59.25133514404297
7.682918548583984
4.983390808105469
34.371036529541016
64.01467895507812
4118.71875
79.71309661865234
24.01569175720215
9.790576934814453
16.56494140625
38.0521125793457
26.522329330444336
11.107376098632812
17.761226654052734
99.58502197265625
29.655563354492188
6.441511154174805
9.328411102294922
1172463257911296.0
4.983390808105469
16.545774459838867
47.99856948852539
185.03518676757812
47.40176010131836
11.379318237304688
18.78587532043457
21.6583251953125
25.371519088745117
26.40848731994629
48.69099044799805
27.676013946533203
5.338245391845703
19.669422149658203
27.67138671875
4.907749176025391
16.551416397094727
69.31102752685547
56.90135955810547
19694766.0
47.29693603515625
37.70116424560547
49.18408966064453
16.77587127685547
47.40176010131836
43.72222900390625
50.32764434814453
21.358694076538086
8.696514129638672
21.661222457885742
31.36155891418457
13.524019241333008
17.366641998291016
60.1192626953125
19.47783851623535
23.259977340698242
30.589187622070312
4.9602203369140625
65.41279602050781
23.344377517700195
11.95191764831543
28.281143188476562
54.03026580810547
27.533815383911133
13.207637786865234
6.445158004760742
8.920251846313477
51.12791061401367
49.21906280517578
21.75332260131836
11.59512710571289
62.451812744140625
60.76247787475586
36.37309265136719
16.480587005615234
59.07350540161133
10.081069946289062
3.810565948486328
16.545774459838867
27.676013946533203
15.905319213867188
37.85267639160156
18.32991600036621
29.690258026123047
6.445158004760742
39.83157730102539
19.3648738861084
21.5145206451416
23.22823715209961
25.570533752441406
68.05931091308594
4.9602203369140625
1.274096256900803e+22
25.69561767578125
66.64454650878906
4.907749176025391
inf
18.32991600036621
10728.1123046875
20.78207015991211
25.008241653442383
7.981056213378906
21.653493881225586
21.210115432739258
286.2074279785156
21.675268173217773
76.08731079101562
20.694568634033203
2.907012939453125
23.86953353881836
79.66913604736328
3.810565948486328
10.632251739501953
4.983390808105469
57.472049713134766
26.32840919494629
12.765634536743164
16.44806671142578
18.371028900146484
22.78390884399414
18.32991600036621
28.415842056274414
50.40822982788086
73.22029113769531
47.383968353271484
18.32991600036621
15.073509216308594
4.699466705322266
26.64984703063965
inf
47.326778411865234
15.57386589050293
22.891902923583984
4.983390808105469
64.58255004882812
6.468193054199219
18.32991600036621
9.556856155395508
48.30683135986328
60.797855377197266
18.32991600036621
27.676013946533203
32.130374908447266
25.58369255065918
22.4830265045166
25.994121551513672
4.324945449829102
8.486732482910156
31.392147064208984
