15.024124145507812
15.313222885131836
15.61564826965332
20.60913848876953
16.182575225830078
13.963790893554688
13.963790893554688
14.93830680847168
14.00417709350586
18.56741714477539
16.62626075744629
17.163354873657227
16.024383544921875
18.67707633972168
13.144754409790039
15.784563064575195
15.313222885131836
13.653352737426758
14.93830680847168
15.61564826965332
12.706457138061523
11.850051879882812
15.327531814575195
13.915159225463867
13.963790893554688
13.963790893554688
17.163354873657227
15.327531814575195
13.963790893554688
11.850051879882812
15.253064155578613
13.139398574829102
15.327531814575195
12.7821044921875
14.528820037841797
18.82798957824707
11.811445236206055
13.915159225463867
14.797096252441406
14.269648551940918
12.672653198242188
12.165994644165039
15.313222885131836
15.001167297363281
17.163354873657227
15.822259902954102
15.024124145507812
11.682449340820312
12.592355728149414
11.850051879882812
12.165994644165039
15.833362579345703
11.850051879882812
13.963790893554688
15.327531814575195
17.163354873657227
18.084030151367188
14.93830680847168
13.963790893554688
16.024383544921875
11.811445236206055
15.447700500488281
15.61564826965332
15.7852783203125
16.148601531982422
15.8748140335083
15.001167297363281
17.805633544921875
18.084030151367188
12.165994644165039
14.269648551940918
11.811445236206055
15.024124145507812
13.724567413330078
12.77351188659668
13.963790893554688
13.460220336914062
12.165994644165039
13.826160430908203
21.02478790283203
14.029600143432617
17.163354873657227
11.850051879882812
18.752901077270508
17.163354873657227
15.327531814575195
15.447700500488281
16.670413970947266
14.985973358154297
12.165994644165039
19.657760620117188
15.579802513122559
16.182575225830078
18.334514617919922
15.327531814575195
12.489583969116211
15.600387573242188
16.669723510742188
14.110366821289062
19.09524154663086
12.424545288085938
18.56741714477539
15.761259078979492
19.760927200317383
13.963790893554688
14.410089492797852
18.56741714477539
20.049041748046875
15.253064155578613
16.5101375579834
15.024124145507812
12.592355728149414
18.56741714477539
14.93830680847168
13.826160430908203
15.327531814575195
15.447700500488281
11.811445236206055
21.121423721313477
12.424545288085938
16.101924896240234
14.00417709350586
22.357065200805664
13.963790893554688
15.024124145507812
17.163354873657227
16.085765838623047
17.512149810791016
17.8953800201416
18.56741714477539
14.528820037841797
11.811445236206055
14.029600143432617
16.5101375579834
22.671777725219727
15.937139511108398
14.873492240905762
11.811445236206055
3980.71533203125
13.755203247070312
18.326126098632812
20.655628204345703
15.313222885131836
15.791305541992188
27.439998626708984
11.615999221801758
15.024124145507812
15.327531814575195
18.56741714477539
16.300350189208984
62.20405960083008
26.10683822631836
48.159690856933594
19.192033767700195
42.62456512451172
56.047183990478516
42.62456512451172
25.502246856689453
39.05035400390625
56.00299072265625
18.850690841674805
37.984676361083984
36.326114654541016
31.410400390625
22.397485733032227
25.471088409423828
90.59446716308594
22.02138900756836
17.691219329833984
28.50712013244629
62.76363754272461
18.726852416992188
31.88460922241211
30.242050170898438
21.456058502197266
109.60433959960938
40.34928512573242
2684.200927734375
27.798629760742188
22.397485733032227
29.345874786376953
28.551549911499023
16.692371368408203
27.74457359313965
19.689748764038086
78.96383666992188
22.314172744750977
40.94864273071289
22.397485733032227
148.88563537597656
26.405319213867188
60.11211395263672
31.410400390625
10.706111907958984
489.4365539550781
67.09759521484375
16.167261123657227
25.242542266845703
26.27212905883789
26.3416690826416
54.177207946777344
25.471088409423828
21.214157104492188
97.23018646240234
68.96204376220703
31.410400390625
14.420610427856445
27.725570678710938
30.33556365966797
60.931827545166016
14.420610427856445
15.663911819458008
34.6649055480957
29.83839988708496
26.667768478393555
25.466747283935547
21.56519889831543
55.07763671875
68.53115844726562
38.30931091308594
23.198575973510742
22.02138900756836
16.736547470092773
67.81980895996094
25.402023315429688
18.485305786132812
29.557453155517578
31.410400390625
16.085060119628906
26.03445053100586
18.726852416992188
67.2615737915039
516174.125
31.261831283569336
18.2020206451416
67.37284851074219
17.344253540039062
57.905067443847656
129.07862854003906
30.136066436767578
46.01350402832031
30.33556365966797
45.128150939941406
64.19058227539062
21.904584884643555
16.085060119628906
19.199445724487305
16.086400985717773
16.796907424926758
25.1232852935791
18.576791763305664
17.604150772094727
31.410400390625
27.111536026000977
26.079910278320312
42.9385986328125
15.178590774536133
15.175426483154297
18.06525230407715
20.527620315551758
16.085060119628906
27.628482818603516
30.72784996032715
20.22998809814453
20.93500518798828
27.395994186401367
32.6824951171875
15.699371337890625
25.471088409423828
15.641931533813477
32.57398223876953
5003976739127296.0
19.264240264892578
31.410400390625
27.52243995666504
60.317779541015625
39.358436584472656
4.924478505091072e+16
30.873104095458984
21.710214614868164
27.284814834594727
22.701465606689453
54.386253356933594
19.599925994873047
25.682605743408203
27.395118713378906
54.962928771972656
24.74444580078125
16.167261123657227
26.782270431518555
20.07990837097168
29.98240089416504
39.34025573730469
38.206241607666016
19.405241012573242
44.52202606201172
54.29442596435547
22.626707077026367
37.984031677246094
39.59623336791992
16.291845321655273
56.09314727783203
15.178590774536133
30.581554412841797
37.04033660888672
36.94990921020508
32.013118743896484
20.141216278076172
32.257118225097656
15.07999038696289
85.85383605957031
30.33556365966797
17.54004669189453
15.202730178833008
65.2420654296875
55.231510162353516
20.430376052856445
38.328819274902344
29.981056213378906
15.716985702514648
107.32040405273438
21.57256317138672
65983588.0
17.592029571533203
15.207958221435547
25.495750427246094
1784.2581787109375
125.7249984741211
25.332857131958008
18.21084213256836
25.495750427246094
23.119640350341797
17.3614444732666
25.200645446777344
31.09735679626465
15.889461517333984
67.0643539428711
39.67719650268555
15.178590774536133
100.3510513305664
11.85844612121582
19.61831283569336
21.55023765563965
40.573734283447266
19.459413528442383
21.867630004882812
31.410400390625
18.833572387695312
17.30991554260254
33.75895690917969
74.07711791992188
49.18238830566406
67.84754180908203
16.965391159057617
16.085060119628906
39.447914123535156
72.18353271484375
1165.8623046875
89.28662872314453
29.879962921142578
19.376951217651367
23.065834045410156
41.028831481933594
30.1754150390625
18.458860397338867
23.681652069091797
96.5495834350586
33.0760612487793
16.44914436340332
18.726852416992188
13615569567744.0
16.085060119628906
23.119640350341797
50.72866439819336
189.5991668701172
54.37173080444336
19.874889373779297
24.70694923400879
26.89031219482422
31.063112258911133
30.8035888671875
55.50276565551758
31.410400390625
15.459405899047852
25.927188873291016
32.14539337158203
15.56576919555664
23.18431854248047
70.61967468261719
66.06705474853516
3225544.0
54.250545501708984
39.02600860595703
55.27449417114258
22.888809204101562
54.37173080444336
49.873619079589844
56.20574188232422
26.941181182861328
16.796907424926758
26.748802185058594
37.353858947753906
20.67787742614746
22.962718963623047
69.00316619873047
25.349353790283203
28.79774284362793
34.329444885253906
16.13770294189453
71.04837036132812
28.72873878479004
20.489768981933594
31.79203224182129
60.0417366027832
31.738784790039062
22.397485733032227
16.167261123657227
16.114822387695312
56.6793212890625
55.64013671875
27.41208267211914
20.61170768737793
63.19355392456055
69.6794662475586
39.63630676269531
20.1536922454834
68.21855163574219
17.661590576171875
15.207958221435547
23.119640350341797
31.410400390625
21.873615264892578
40.2651252746582
25.471088409423828
32.143672943115234
16.167261123657227
41.77886962890625
25.302026748657227
26.190954208374023
29.0386905670166
30.571250915527344
69.46271514892578
16.13770294189453
5.504712880944264e+19
30.98890495300293
67.89273071289062
15.56576919555664
1.220658891512972e+34
25.471088409423828
4298.78076171875
26.15856170654297
26.42243766784668
16.81591796875
26.7188777923584
27.394990921020508
281.6212463378906
27.258872985839844
81.89463806152344
26.98040199279785
14.420610427856445
29.52311897277832
89.24173736572266
15.207958221435547
19.741146087646484
16.085060119628906
61.528018951416016
29.465951919555664
18.693452835083008
22.88774871826172
24.35643768310547
27.883686065673828
25.471088409423828
31.84266471862793
53.59888458251953
82.92991638183594
54.45817565917969
25.471088409423828
21.57256317138672
15.202730178833008
30.274749755859375
1.7091526306890656e+34
54.294464111328125
20.105587005615234
27.15740203857422
16.085060119628906
53.88880157470703
16.18643569946289
25.471088409423828
18.824392318725586
51.08750534057617
69.74483489990234
25.471088409423828
31.410400390625
38.30710220336914
26.572608947753906
27.83401870727539
29.526203155517578
15.207557678222656
17.32343864440918
34.07526397705078
