23.525619506835938
22.40023422241211
24.843536376953125
28.265602111816406
24.696046829223633
23.602123260498047
23.602123260498047
23.295024871826172
23.303756713867188
28.70638084411621
25.169031143188477
25.3289794921875
25.792049407958984
26.76571273803711
22.72644805908203
23.890207290649414
22.40023422241211
23.016393661499023
23.295024871826172
24.843536376953125
22.51931381225586
22.39605712890625
24.487510681152344
23.63720703125
23.602123260498047
23.602123260498047
25.3289794921875
24.487510681152344
23.602123260498047
22.39605712890625
23.662555694580078
22.746902465820312
24.487510681152344
22.041051864624023
23.518123626708984
26.81559181213379
22.215442657470703
23.63720703125
23.71575927734375
23.091794967651367
22.566184997558594
22.501758575439453
22.40023422241211
23.714370727539062
25.3289794921875
23.06783103942871
23.525619506835938
22.049549102783203
22.396766662597656
22.39605712890625
22.501758575439453
24.53587532043457
22.39605712890625
23.602123260498047
24.487510681152344
25.3289794921875
26.323963165283203
23.295024871826172
23.602123260498047
25.792049407958984
22.215442657470703
24.523149490356445
24.843536376953125
22.76398277282715
23.97521209716797
24.112586975097656
23.714370727539062
26.09387969970703
26.323963165283203
22.501758575439453
23.091794967651367
22.215442657470703
23.525619506835938
23.06000328063965
22.352489471435547
23.602123260498047
22.83379364013672
22.501758575439453
23.11050033569336
24.997962951660156
23.843585968017578
25.3289794921875
22.39605712890625
25.12518310546875
25.3289794921875
24.487510681152344
24.523149490356445
24.18026351928711
23.8478946685791
22.501758575439453
30.32103729248047
23.786357879638672
24.696046829223633
25.17470359802246
24.487510681152344
22.04951286315918
24.073226928710938
24.37030792236328
23.29309844970703
26.20956039428711
22.38736343383789
28.70638084411621
23.90851593017578
30.39507293701172
23.602123260498047
25.17111587524414
28.70638084411621
27.17514419555664
23.662555694580078
24.247127532958984
23.525619506835938
22.396766662597656
28.70638084411621
23.295024871826172
23.11050033569336
24.487510681152344
24.523149490356445
22.215442657470703
27.392807006835938
22.38736343383789
25.74371337890625
23.303756713867188
26.502443313598633
23.602123260498047
23.525619506835938
25.3289794921875
24.809101104736328
25.01362419128418
24.36320686340332
28.70638084411621
23.518123626708984
22.215442657470703
23.843585968017578
24.247127532958984
31.343841552734375
23.88971519470215
23.46141815185547
22.215442657470703
532.1626586914062
23.033023834228516
26.125280380249023
26.1805362701416
22.40023422241211
24.6427001953125
35.23741912841797
22.612390518188477
23.525619506835938
24.487510681152344
28.70638084411621
22.845090866088867
74.9682846069336
35.193817138671875
57.040977478027344
29.534151077270508
60.76732635498047
68.47669982910156
60.76732635498047
33.60134506225586
43.93767547607422
60.54587936401367
27.554428100585938
45.9459114074707
40.38051986694336
36.262474060058594
31.876041412353516
33.34008026123047
86.51911926269531
30.643539428710938
27.76997184753418
33.18281173706055
68.85717010498047
28.97736167907715
36.684715270996094
35.03628921508789
29.600006103515625
112.73165130615234
43.23306655883789
523.9364013671875
33.87525177001953
31.876041412353516
33.86411666870117
33.090492248535156
27.230817794799805
34.41958999633789
30.40801239013672
90.23040008544922
31.042875289916992
44.73646545410156
31.876041412353516
95.17659759521484
32.821311950683594
70.39266967773438
36.262474060058594
21.698205947875977
205.8179473876953
83.1583251953125
27.164918899536133
32.441497802734375
32.2368278503418
32.660160064697266
66.55796813964844
33.34008026123047
29.874637603759766
86.35444641113281
84.61156463623047
36.262474060058594
26.36431312561035
33.055747985839844
37.3807487487793
54.47706604003906
26.36431312561035
26.34319305419922
38.341670989990234
36.22165298461914
35.673912048339844
32.660987854003906
30.713356018066406
66.82102966308594
83.05729675292969
45.84630584716797
29.920700073242188
30.643539428710938
26.949447631835938
85.06317138671875
33.11591339111328
28.051652908325195
34.599327087402344
36.262474060058594
26.876190185546875
35.257110595703125
28.97736167907715
82.50221252441406
6500.9697265625
38.18145751953125
28.578969955444336
79.79219818115234
27.537242889404297
71.009521484375
89.81703186035156
35.42979431152344
52.51755905151367
37.3807487487793
49.22347640991211
75.74185180664062
30.867780685424805
26.876190185546875
28.29456329345703
26.505577087402344
27.2642879486084
33.27470016479492
28.8105411529541
27.593761444091797
36.262474060058594
35.482112884521484
35.1598014831543
46.909664154052734
26.214555740356445
27.018367767333984
27.70187759399414
29.666950225830078
26.876190185546875
36.26465606689453
36.38391876220703
29.2441463470459
29.799827575683594
35.55378723144531
37.06195831298828
26.461206436157227
33.34008026123047
26.811870574951172
36.94580078125
505445253120.0
29.07698631286621
36.262474060058594
36.38665771484375
71.6817855834961
43.26692581176758
2874834419712.0
35.78477478027344
28.544330596923828
35.07959747314453
30.561878204345703
66.73206329345703
29.2554931640625
31.91341781616211
33.015281677246094
67.33708190917969
34.363182067871094
27.164918899536133
34.40609359741211
30.080053329467773
36.36636734008789
43.07505416870117
45.86601638793945
28.356916427612305
49.00553512573242
67.08499908447266
30.087478637695312
45.362972259521484
43.570640563964844
27.715225219726562
68.51741027832031
26.214555740356445
36.0767936706543
52.140296936035156
41.40105438232422
40.109039306640625
29.979248046875
38.98023223876953
26.338035583496094
68.51082611083984
37.3807487487793
27.75971794128418
26.55569839477539
81.68295288085938
68.1729736328125
28.68718147277832
46.2194938659668
36.69550704956055
27.39230728149414
103.79049682617188
29.478403091430664
1451432.125
27.781734466552734
26.923906326293945
35.076908111572266
315.7564392089844
100.63805389404297
34.267608642578125
27.142452239990234
35.076908111572266
31.492450714111328
26.489501953125
31.882293701171875
36.277225494384766
26.441856384277344
83.9487533569336
48.25044631958008
26.214555740356445
113.04194641113281
22.264251708984375
29.27567481994629
31.447185516357422
44.700843811035156
29.293743133544922
30.22218132019043
36.262474060058594
28.123416900634766
26.728727340698242
37.880645751953125
80.38883209228516
53.4526481628418
83.17115783691406
26.6226806640625
26.876190185546875
46.132930755615234
87.10926055908203
326.692626953125
101.78430938720703
35.790061950683594
29.905466079711914
31.002592086791992
45.255584716796875
35.28634262084961
27.2854061126709
30.21057891845703
93.93643188476562
38.187652587890625
26.919368743896484
28.97736167907715
5191569408.0
26.876190185546875
31.492450714111328
56.446990966796875
186.1068878173828
66.76556396484375
29.50096321105957
33.3589973449707
33.67037582397461
37.87807083129883
35.45820999145508
68.04500579833984
36.262474060058594
26.500324249267578
32.667816162109375
37.723045349121094
26.322240829467773
30.803979873657227
78.94366455078125
83.57406616210938
130049.7578125
66.75806427001953
42.56181716918945
67.53571319580078
30.539447784423828
66.76556396484375
64.10903930664062
68.6485824584961
33.5308952331543
27.2642879486084
32.519615173339844
44.93183898925781
29.341787338256836
31.437576293945312
84.66552734375
31.812889099121094
36.61460494995117
39.02760314941406
27.392200469970703
82.1742935180664
35.92626953125
29.91433334350586
36.525611877441406
71.35795593261719
37.531028747558594
31.876041412353516
27.164918899536133
24.22388458251953
67.44375610351562
68.05350494384766
35.047386169433594
30.992809295654297
71.40792083740234
85.5339584350586
43.626792907714844
30.864601135253906
85.26080322265625
27.719127655029297
26.923906326293945
31.492450714111328
36.262474060058594
29.03298568725586
44.87345886230469
33.34008026123047
35.657386779785156
27.164918899536133
45.81272506713867
33.89202117919922
32.148841857910156
36.514259338378906
37.277523040771484
77.63695526123047
27.392200469970703
2167090979012608.0
36.55896759033203
76.77339172363281
26.322240829467773
8.201597515124779e+23
33.34008026123047
824.4044189453125
32.05208969116211
32.07398986816406
27.189193725585938
32.78409957885742
33.8203125
253.1820068359375
33.46894836425781
93.8012924194336
33.61392593383789
26.36431312561035
36.9320068359375
101.741943359375
26.923906326293945
29.698091506958008
26.876190185546875
72.07576751708984
33.599491119384766
28.59001922607422
30.161964416503906
31.60540008544922
35.68204879760742
33.34008026123047
36.337371826171875
57.74736022949219
98.74371337890625
67.19920349121094
33.34008026123047
29.478403091430664
26.55569839477539
35.2556037902832
2.3824170579537688e+25
66.81800842285156
27.325374603271484
32.871437072753906
26.876190185546875
50.55488586425781
26.889541625976562
33.34008026123047
29.06278419494629
56.89543151855469
85.63446807861328
33.34008026123047
36.262474060058594
46.073490142822266
34.53736877441406
35.33744430541992
34.17268753051758
26.84869384765625
27.6021671295166
37.81575012207031
