28.134756088256836
28.164812088012695
29.62709617614746
32.47632598876953
29.19279670715332
28.60385513305664
28.60385513305664
27.659116744995117
28.19940948486328
35.21537399291992
29.56340789794922
29.525793075561523
31.057010650634766
31.09507942199707
27.477684020996094
28.383852005004883
28.164812088012695
27.76019859313965
27.659116744995117
29.62709617614746
27.49576759338379
27.630023956298828
29.19110107421875
28.6859130859375
28.60385513305664
28.60385513305664
29.525793075561523
29.19110107421875
28.60385513305664
27.630023956298828
27.887676239013672
27.705028533935547
29.19110107421875
27.01442527770996
28.207155227661133
31.086091995239258
27.40346908569336
28.6859130859375
28.279130935668945
27.499561309814453
27.501638412475586
27.616313934326172
28.164812088012695
28.301158905029297
29.525793075561523
28.507631301879883
28.134756088256836
27.26544952392578
27.264732360839844
27.630023956298828
27.616313934326172
29.000282287597656
27.630023956298828
28.60385513305664
29.19110107421875
29.525793075561523
30.720890045166016
27.659116744995117
28.60385513305664
31.057010650634766
27.40346908569336
29.176143646240234
29.62709617614746
28.037935256958008
28.08993148803711
28.41998863220215
28.301158905029297
30.447357177734375
30.720890045166016
27.616313934326172
27.499561309814453
27.40346908569336
28.134756088256836
27.744613647460938
27.13533592224121
28.60385513305664
27.657100677490234
27.616313934326172
27.70798110961914
28.863780975341797
28.961397171020508
29.525793075561523
27.630023956298828
28.286128997802734
29.525793075561523
29.19110107421875
29.176143646240234
27.987350463867188
28.3253231048584
27.616313934326172
37.779869079589844
27.8633975982666
29.19279670715332
28.580785751342773
29.19110107421875
27.09393310546875
28.359670639038086
28.39138412475586
27.962154388427734
29.89501953125
27.362438201904297
35.21537399291992
27.97273063659668
37.903324127197266
28.60385513305664
31.101289749145508
35.21537399291992
31.02131462097168
27.887676239013672
28.56033706665039
28.134756088256836
27.264732360839844
35.21537399291992
27.659116744995117
27.70798110961914
29.19110107421875
29.176143646240234
27.40346908569336
30.851808547973633
27.362438201904297
30.94721794128418
28.19940948486328
29.443809509277344
28.60385513305664
28.134756088256836
29.525793075561523
29.320858001708984
28.92037010192871
28.92348289489746
35.21537399291992
28.207155227661133
27.40346908569336
28.961397171020508
28.56033706665039
37.99578857421875
27.845455169677734
27.723112106323242
27.40346908569336
481.76898193359375
27.944841384887695
30.238880157470703
28.90879249572754
28.164812088012695
29.183006286621094
42.681392669677734
28.124753952026367
28.134756088256836
29.19110107421875
35.21537399291992
28.200990676879883
88.83290100097656
39.99055480957031
65.85247039794922
35.406978607177734
71.4097900390625
83.22058868408203
71.4097900390625
37.51692199707031
48.233341217041016
65.5531005859375
32.4002571105957
51.299922943115234
43.26710891723633
40.15827941894531
36.379783630371094
37.5390625
92.46968841552734
35.975093841552734
33.196319580078125
35.70772933959961
76.42626190185547
34.46206283569336
40.012428283691406
38.093849182128906
33.878875732421875
122.68695831298828
44.02768325805664
387.826904296875
37.326515197753906
36.379783630371094
36.80964660644531
35.95157241821289
32.80978775024414
37.91286849975586
36.09308624267578
101.61466979980469
35.96993637084961
48.09062576293945
36.379783630371094
104.67118072509766
36.0925407409668
84.59210968017578
40.15827941894531
27.221385955810547
214.2626190185547
99.78097534179688
33.368377685546875
36.45771789550781
35.68867111206055
35.75529098510742
81.48114013671875
37.5390625
34.39841079711914
83.20345306396484
101.01227569580078
40.15827941894531
32.617149353027344
36.746002197265625
41.11954879760742
52.14025115966797
32.617149353027344
32.13038635253906
40.95433044433594
40.40209197998047
40.46919631958008
37.21421432495117
35.825523376464844
80.77200317382812
100.28970336914062
50.957603454589844
33.99336242675781
35.975093841552734
32.364540100097656
103.33563995361328
37.93091583251953
33.23978042602539
37.7730598449707
40.15827941894531
32.78260803222656
40.63842010498047
34.46206283569336
98.21994018554688
695.43603515625
43.084075927734375
34.005001068115234
92.9090576171875
32.976383209228516
87.51653289794922
76.8501968383789
38.559329986572266
58.165225982666016
41.11954879760742
52.26759338378906
89.78697204589844
36.37500762939453
32.78260803222656
33.3574104309082
32.00861358642578
32.77665328979492
37.102352142333984
34.455650329589844
33.0109977722168
40.15827941894531
40.11512756347656
39.973270416259766
49.420204162597656
32.21023941040039
33.427955627441406
32.94264602661133
34.61181640625
32.78260803222656
40.76885223388672
39.49172592163086
34.11224365234375
34.598167419433594
40.04884338378906
40.01962661743164
31.96595573425293
37.5390625
32.764137268066406
39.939186096191406
5556668.0
34.32026672363281
40.15827941894531
40.986228942871094
85.95024871826172
44.709861755371094
16529666.0
39.68339920043945
32.049015045166016
39.584136962890625
35.00484085083008
81.43525695800781
34.24922561645508
35.01980972290039
36.51697540283203
81.78318786621094
39.494258880615234
33.368377685546875
38.46745300292969
35.92445755004883
40.36597442626953
44.287376403808594
50.92192077636719
33.28123092651367
52.57968521118164
82.21150970458984
34.4410285949707
50.43909454345703
45.06915283203125
34.19218063354492
83.11831665039062
32.21023941040039
39.9597053527832
61.250858306884766
43.8997917175293
45.305049896240234
35.34711837768555
41.6984977722168
32.338985443115234
63.82231903076172
41.11954879760742
33.43412780761719
32.58867645263672
98.97006225585938
82.18772888183594
33.4080810546875
51.88481521606445
41.25969696044922
33.79851150512695
107.0060806274414
34.22311019897461
4218.3212890625
33.01974105834961
33.16208267211914
40.11258316040039
288.5612487792969
89.74220275878906
39.51493453979492
32.1667366027832
40.11258316040039
36.080101013183594
31.59026336669922
35.18333435058594
40.02538299560547
32.084686279296875
102.13497161865234
54.083560943603516
32.21023941040039
125.45535278320312
27.554397583007812
34.46219253540039
36.56322479248047
46.672664642333984
34.52704620361328
34.93461608886719
40.15827941894531
32.897159576416016
32.22624588012695
40.57522964477539
91.4414291381836
57.1961784362793
99.0202407836914
31.740774154663086
32.78260803222656
51.00775146484375
101.65222930908203
202.57618713378906
111.98416900634766
38.900184631347656
35.505645751953125
35.68998336791992
47.41378402709961
39.296443939208984
31.945955276489258
33.40511703491211
95.47657012939453
41.67394256591797
32.37322998046875
34.46206283569336
272142.09375
32.78260803222656
36.080101013183594
62.456172943115234
214.80136108398438
81.24542236328125
34.65523910522461
38.33056640625
38.04934310913086
41.95625686645508
38.16988754272461
82.93628692626953
40.15827941894531
32.48441696166992
36.343040466308594
41.11216354370117
31.979110717773438
35.01441192626953
91.60863494873047
101.62814331054688
1975.833740234375
81.46528625488281
45.648189544677734
82.58006286621094
34.192386627197266
81.24542236328125
73.66474151611328
83.10535430908203
37.22203826904297
32.77665328979492
35.47431564331055
50.030479431152344
34.01215744018555
36.30644989013672
101.12943267822266
35.00387954711914
41.829681396484375
43.01558303833008
33.10469055175781
95.42627716064453
40.40035629272461
34.57782745361328
40.44025421142578
85.56550598144531
41.57288360595703
36.379783630371094
33.368377685546875
28.366750717163086
81.03206634521484
82.81245422363281
40.03794860839844
36.32823181152344
85.12235260009766
102.37416076660156
45.26052474975586
37.298912048339844
104.00360870361328
33.03011703491211
33.16208267211914
36.080101013183594
40.15827941894531
33.12562561035156
48.794898986816406
37.5390625
38.02607727050781
33.368377685546875
49.17012023925781
38.40632247924805
35.86992645263672
40.6568489074707
41.282508850097656
89.85772705078125
33.10469055175781
1397478912.0
39.698787689208984
89.56935119628906
31.979110717773438
2002255872000.0
37.5390625
484.07171630859375
35.05638885498047
35.37628173828125
32.83170700073242
35.793521881103516
37.42294692993164
316.3262939453125
36.85129165649414
108.16837310791016
37.39638137817383
32.617149353027344
41.554805755615234
111.93661499023438
33.16208267211914
34.71609878540039
32.78260803222656
85.70711517333984
36.24631881713867
34.519989013671875
34.264957427978516
35.072227478027344
40.12264633178711
37.5390625
39.963134765625
61.250343322753906
115.10208129882812
82.02699279785156
37.5390625
34.22311019897461
32.58867645263672
38.619014739990234
16313836634112.0
81.5052719116211
31.903125762939453
36.481529235839844
32.78260803222656
48.906639099121094
32.6633415222168
37.5390625
34.37968444824219
63.061302185058594
102.51374816894531
37.5390625
40.15827941894531
51.27187728881836
39.08891296386719
40.4602165222168
37.249961853027344
33.09929656982422
33.432098388671875
40.44560623168945
