29.271648406982422
29.67339515686035
30.76596450805664
33.48668670654297
30.317989349365234
29.86974334716797
29.86974334716797
28.745779037475586
29.37227439880371
37.04728698730469
30.681255340576172
30.51332664489746
32.36208724975586
32.185157775878906
28.635318756103516
29.517974853515625
29.67339515686035
28.941593170166016
28.745779037475586
30.76596450805664
28.74380111694336
28.91710090637207
30.384140014648438
29.898473739624023
29.86974334716797
29.86974334716797
30.51332664489746
30.384140014648438
29.86974334716797
28.91710090637207
28.927364349365234
28.950597763061523
30.384140014648438
28.275623321533203
29.388349533081055
32.16092300415039
28.682477951049805
29.898473739624023
29.417274475097656
28.57256507873535
28.708282470703125
28.865345001220703
29.67339515686035
29.411090850830078
30.51332664489746
29.905658721923828
29.271648406982422
28.55390739440918
28.468687057495117
28.91710090637207
28.865345001220703
30.12868309020996
28.91710090637207
29.86974334716797
30.384140014648438
30.51332664489746
31.809968948364258
28.745779037475586
29.86974334716797
32.36208724975586
28.682477951049805
30.353626251220703
30.76596450805664
29.41737937927246
29.108057022094727
29.45848846435547
29.411090850830078
31.52659797668457
31.809968948364258
28.865345001220703
28.57256507873535
28.682477951049805
29.271648406982422
28.892597198486328
28.305110931396484
29.86974334716797
28.852336883544922
28.865345001220703
28.83757209777832
29.965925216674805
30.257699966430664
30.51332664489746
28.91710090637207
29.053993225097656
30.51332664489746
30.384140014648438
30.353626251220703
28.901756286621094
29.42130470275879
28.865345001220703
39.9039421081543
28.85481834411621
30.317989349365234
29.413583755493164
30.384140014648438
28.360424041748047
29.40281867980957
29.32640838623047
29.12419319152832
30.812366485595703
28.576642990112305
37.04728698730469
28.9724063873291
40.02937698364258
29.86974334716797
32.59064865112305
37.04728698730469
32.01166534423828
28.927364349365234
29.643091201782227
29.271648406982422
28.468687057495117
37.04728698730469
28.745779037475586
28.83757209777832
30.384140014648438
30.353626251220703
28.682477951049805
31.719730377197266
28.576642990112305
32.234535217285156
29.37227439880371
30.242534637451172
29.86974334716797
29.271648406982422
30.51332664489746
30.454893112182617
29.853313446044922
30.10749053955078
37.04728698730469
29.388349533081055
28.682477951049805
30.257699966430664
29.643091201782227
39.869773864746094
28.818527221679688
28.751909255981445
28.682477951049805
501.7615051269531
29.19419288635254
31.270862579345703
29.576595306396484
29.67339515686035
30.32318878173828
44.77975082397461
29.493270874023438
29.271648406982422
30.384140014648438
37.04728698730469
29.604907989501953
94.59839630126953
41.11616897583008
68.74071502685547
36.95592498779297
74.27068328857422
90.10914611816406
74.27068328857422
38.38130569458008
49.60955810546875
67.47100830078125
33.61654281616211
52.99925994873047
44.13344955444336
41.22944259643555
37.456626892089844
38.536415100097656
96.90145111083984
37.400169372558594
34.593467712402344
36.29672622680664
79.5323486328125
35.89699935913086
40.95922088623047
38.97842788696289
34.93470001220703
127.94010925292969
44.3916015625
412.72607421875
38.168800354003906
37.456626892089844
37.613922119140625
36.69645690917969
34.242164611816406
38.75391387939453
37.568119049072266
107.60740661621094
37.270263671875
49.19432067871094
37.456626892089844
108.97063446044922
36.84937286376953
91.49917602539062
41.22944259643555
28.61248779296875
227.4971923828125
106.62764739990234
34.982513427734375
37.42146682739258
36.559539794921875
36.44223403930664
88.29247283935547
38.536415100097656
35.498573303222656
82.50739288330078
107.84487915039062
41.22944259643555
34.189945220947266
37.64421844482422
42.108131408691406
51.83671188354492
34.189945220947266
33.605140686035156
41.70170211791992
41.59598922729492
41.58482360839844
38.4393196105957
37.1400146484375
87.35850524902344
107.82390594482422
52.589134216308594
35.044105529785156
37.400169372558594
33.70716094970703
111.0946273803711
39.19236755371094
34.551856994628906
38.608768463134766
41.22944259643555
34.278053283691406
41.901187896728516
35.89699935913086
104.70840454101562
785.269287109375
44.368370056152344
35.378501892089844
98.51303100585938
34.362945556640625
95.19950866699219
75.06234741210938
39.43524932861328
60.10370635986328
42.108131408691406
53.31824493408203
96.2401351928711
37.898216247558594
34.278053283691406
34.643096923828125
33.36948013305664
34.18549728393555
37.92638397216797
35.857906341552734
34.38447952270508
41.22944259643555
41.21913146972656
41.09797668457031
50.25412368774414
33.73204803466797
35.05382537841797
34.27187728881836
35.88639831542969
34.278053283691406
41.84632110595703
40.26572036743164
35.30953598022461
35.873836517333984
41.12688064575195
40.82234191894531
33.317893981933594
38.536415100097656
34.2762336730957
40.77092361450195
64895.73046875
35.62493896484375
41.22944259643555
42.08159637451172
92.74072265625
45.18471908569336
143198.421875
40.746097564697266
32.902000427246094
40.6785888671875
36.15186309814453
88.28244018554688
35.49272155761719
35.725399017333984
37.39705276489258
88.56782531738281
40.685428619384766
34.982513427734375
39.419063568115234
37.44001770019531
41.379661560058594
44.70630645751953
52.5235481262207
34.54771041870117
53.80908203125
89.26518249511719
35.5788688659668
52.04469299316406
45.54713821411133
35.88167953491211
90.01158905029297
33.73204803466797
41.011505126953125
63.63536071777344
44.68288040161133
46.63446807861328
36.769187927246094
42.259944915771484
33.84914016723633
63.36252975463867
42.108131408691406
34.86948013305664
34.11652755737305
106.30554962158203
87.9164810180664
34.61625289916992
53.70967102050781
42.490089416503906
35.47348403930664
110.03802490234375
35.472862243652344
1389.14208984375
34.30038070678711
34.7419319152832
41.27707290649414
308.6834411621094
88.00475311279297
40.82548141479492
33.42879104614258
41.27707290649414
37.23881530761719
32.875892639160156
35.908878326416016
41.056243896484375
33.49589157104492
110.00849914550781
55.9760627746582
33.73204803466797
132.17636108398438
28.886768341064453
35.84211349487305
37.857173919677734
47.29182052612305
35.87654495239258
36.11210250854492
41.22944259643555
34.078025817871094
33.59769058227539
41.275115966796875
95.40092468261719
58.565608978271484
105.57102966308594
33.01250457763672
34.278053283691406
52.57267379760742
107.7630844116211
204.4375457763672
118.05289459228516
39.67158889770508
36.927310943603516
36.91581344604492
48.0941047668457
40.354618072509766
33.137874603271484
34.158294677734375
97.63579559326172
42.60408401489258
33.71477127075195
35.89699935913086
8668.9755859375
34.278053283691406
37.23881530761719
64.76209259033203
235.3085479736328
88.00289154052734
35.98933792114258
39.703392028808594
39.275062561035156
43.071189880371094
38.85175704956055
89.92537689208984
41.22944259643555
33.99599075317383
37.21711349487305
42.09080123901367
33.394493103027344
36.08002471923828
97.583984375
109.22917175292969
866.9700317382812
88.3204345703125
46.57472229003906
89.56306457519531
35.02738952636719
88.00289154052734
76.3441390991211
89.27689361572266
38.11620330810547
34.18549728393555
36.13829040527344
51.653953552246094
35.20599365234375
37.60308074951172
107.993896484375
35.72319412231445
43.355472564697266
44.17268753051758
34.52824401855469
101.73778533935547
41.52843475341797
35.701053619384766
41.515403747558594
92.28045654296875
42.7616081237793
37.456626892089844
34.982513427734375
29.390710830688477
87.66735076904297
89.66751098632812
41.466217041015625
37.68632888793945
91.8233413696289
109.44586944580078
45.78046417236328
38.951656341552734
112.23552703857422
34.37990951538086
34.7419319152832
37.23881530761719
41.22944259643555
34.19963836669922
50.05507278442383
38.536415100097656
38.654945373535156
34.982513427734375
50.253475189208984
39.48668670654297
36.863792419433594
41.66291809082031
42.3026123046875
95.65040588378906
34.52824401855469
5629654.5
40.49348449707031
95.79754638671875
33.394493103027344
178966592.0
38.536415100097656
540.539794921875
35.74065017700195
36.16218948364258
34.29139709472656
36.44467544555664
38.30335235595703
355.13629150390625
37.66049575805664
115.13915252685547
38.321983337402344
34.189945220947266
42.772396087646484
118.00048065185547
34.7419319152832
35.96748733520508
34.278053283691406
92.24789428710938
36.97412872314453
36.05554962158203
35.31302261352539
35.84257888793945
41.18392562866211
38.536415100097656
40.960693359375
62.399635314941406
124.10264587402344
88.93829345703125
38.536415100097656
35.472862243652344
34.11652755737305
39.56892013549805
547882624.0
88.34618377685547
33.10491943359375
37.43428039550781
34.278053283691406
48.68433380126953
34.12548065185547
38.536415100097656
35.68412780761719
65.4410629272461
109.60186767578125
38.536415100097656
41.22944259643555
52.91189193725586
40.10856246948242
41.964256286621094
38.10997009277344
34.65730667114258
34.94184875488281
41.19744873046875
