12.360843658447266
15.081998825073242
12.784297943115234
18.412220001220703
13.637229919433594
11.01169204711914
11.01169204711914
12.483945846557617
11.213346481323242
15.746389389038086
13.993904113769531
14.67918586730957
13.093914031982422
16.37466049194336
10.280094146728516
13.267509460449219
15.081998825073242
10.865209579467773
12.483945846557617
12.784297943115234
9.808477401733398
8.639726638793945
12.522537231445312
10.960456848144531
11.01169204711914
11.01169204711914
14.67918586730957
12.522537231445312
11.01169204711914
8.639726638793945
12.752239227294922
10.309564590454102
12.522537231445312
10.236135482788086
11.761405944824219
16.552902221679688
8.668525695800781
10.960456848144531
12.143857955932617
11.651939392089844
9.705413818359375
9.006555557250977
15.081998825073242
12.386629104614258
14.67918586730957
15.153100967407227
12.360843658447266
8.544443130493164
9.687564849853516
8.639726638793945
9.006555557250977
13.146759033203125
8.639726638793945
11.01169204711914
12.522537231445312
14.67918586730957
15.674491882324219
12.483945846557617
11.01169204711914
13.093914031982422
8.668525695800781
12.66773796081543
12.784297943115234
15.083740234375
13.858020782470703
13.393575668334961
12.386629104614258
15.350542068481445
15.674491882324219
9.006555557250977
11.651939392089844
8.668525695800781
12.360843658447266
10.931245803833008
9.926980972290039
11.01169204711914
10.586421966552734
9.006555557250977
11.076923370361328
20.98123550415039
11.014999389648438
14.67918586730957
8.639726638793945
16.866809844970703
14.67918586730957
12.522537231445312
12.66773796081543
14.427833557128906
12.257347106933594
9.006555557250977
16.805431365966797
13.16313362121582
13.637229919433594
16.320335388183594
12.522537231445312
9.823070526123047
13.053199768066406
14.444427490234375
11.267112731933594
16.974613189697266
9.486459732055664
15.746389389038086
13.348747253417969
16.937610626220703
11.01169204711914
11.519140243530273
15.746389389038086
18.05276107788086
12.752239227294922
14.106101989746094
12.360843658447266
9.687564849853516
15.746389389038086
12.483945846557617
11.076923370361328
12.522537231445312
12.66773796081543
8.668525695800781
19.345916748046875
9.486459732055664
13.239677429199219
11.213346481323242
21.255229949951172
11.01169204711914
12.360843658447266
14.67918586730957
13.430774688720703
15.175577163696289
16.885644912719727
15.746389389038086
11.761405944824219
8.668525695800781
11.014999389648438
14.106101989746094
20.551063537597656
13.557579040527344
12.322677612304688
8.668525695800781
6046.8720703125
11.132421493530273
16.1019344329834
19.02068328857422
15.081998825073242
13.089752197265625
25.81524085998535
8.323812484741211
12.360843658447266
12.522537231445312
15.746389389038086
15.975383758544922
59.81426239013672
23.726791381835938
46.712013244628906
16.318557739257812
38.55198669433594
53.749855041503906
38.55198669433594
23.32368278503418
38.04011154174805
55.38355255126953
16.388731002807617
35.92894744873047
35.4043083190918
30.212886810302734
19.434131622314453
23.311603546142578
90.64498901367188
19.619863510131836
14.879121780395508
27.19269561767578
62.01866149902344
15.676977157592773
30.709800720214844
28.9573974609375
19.086299896240234
109.756591796875
39.6273193359375
3876.499755859375
26.063854217529297
19.434131622314453
28.185291290283203
27.37880516052246
13.584794998168945
25.853721618652344
16.687833786010742
76.46163177490234
19.857288360595703
40.1451530456543
19.434131622314453
196.13365173339844
24.53167724609375
58.122005462646484
30.212886810302734
7.457925796508789
652.469970703125
63.55803680419922
12.906970977783203
23.252052307128906
24.65361785888672
24.635913848876953
51.79022979736328
23.311603546142578
18.66645050048828
103.7411117553711
66.11381530761719
30.212886810302734
10.76339340209961
27.233688354492188
28.452510833740234
64.83757019042969
10.76339340209961
12.548181533813477
33.780029296875
28.189590454101562
24.430879592895508
23.77495002746582
19.136194229125977
52.76261520385742
65.35735321044922
36.305442810058594
21.43444061279297
19.619863510131836
13.613662719726562
64.60691833496094
23.466941833496094
15.190925598144531
28.096303939819336
30.212886810302734
12.625066757202148
23.881515502929688
15.676977157592773
64.45487213134766
1921365.25
29.63775634765625
14.883262634277344
64.96368408203125
14.324440002441406
55.514915466308594
142.59124755859375
28.662513732910156
44.67180252075195
28.452510833740234
44.3238525390625
62.03243637084961
19.339906692504883
12.625066757202148
16.62455940246582
12.91708755493164
13.988561630249023
22.92428970336914
15.880899429321289
14.771490097045898
30.212886810302734
24.991558074951172
23.749418258666992
42.06393051147461
11.87844467163086
11.662168502807617
15.309547424316406
17.879257202148438
12.625066757202148
25.356731414794922
29.132801055908203
17.760303497314453
18.33460807800293
25.30065155029297
31.579954147338867
12.444782257080078
23.311603546142578
12.371204376220703
31.48056411743164
9544415911608320.0
16.4129638671875
30.212886810302734
25.226184844970703
58.10209655761719
38.29683303833008
9.887029318280806e+16
29.659900665283203
19.84673500061035
25.311115264892578
20.461532592773438
51.96877670288086
16.806262969970703
23.837499618530273
25.90938949584961
52.52774429321289
22.264381408691406
12.906970977783203
24.839366912841797
17.320556640625
28.43514060974121
38.30487060546875
36.1723747253418
16.93788719177246
43.607330322265625
51.78712844848633
20.623414993286133
36.0693244934082
38.53886032104492
12.851682662963867
53.76081085205078
11.87844467163086
29.33085823059082
33.486019134521484
35.96053695678711
30.03443145751953
17.221799850463867
30.534950256347656
11.73331069946289
91.81993103027344
28.452510833740234
14.63447380065918
11.850858688354492
61.83753204345703
52.89381408691406
17.602516174316406
36.360382080078125
28.31290054321289
12.140743255615234
109.57559204101562
19.44287109375
192947568.0
14.513614654541016
11.541088104248047
23.07433319091797
4023.6962890625
132.84957885742188
23.018665313720703
15.284894943237305
23.07433319091797
20.75689125061035
14.72186279296875
23.243671417236328
29.852022171020508
12.716632843017578
63.554622650146484
37.481422424316406
11.87844467163086
94.9691390991211
8.815168380737305
16.789962768554688
18.771610260009766
39.54446792602539
16.648147583007812
19.479475021362305
30.212886810302734
16.095712661743164
14.453411102294922
33.83104705810547
73.74297332763672
48.46198272705078
65.03978729248047
14.033300399780273
12.625066757202148
37.782196044921875
69.39144897460938
1741.460693359375
86.3729248046875
28.126192092895508
16.39142417907715
20.96979522705078
40.04049301147461
28.973007202148438
15.964424133300781
21.768375396728516
97.2327651977539
31.882293701171875
13.287776947021484
15.676977157592773
24185720012800.0
12.625066757202148
20.75689125061035
49.731109619140625
187.71995544433594
51.933128356933594
17.097824096679688
22.418415069580078
25.165164947509766
29.223037719726562
29.4479923248291
53.13364791870117
30.212886810302734
12.213729858398438
24.00292205810547
30.62942123413086
12.13612174987793
21.03040313720703
69.49286651611328
62.58481979370117
5181933.5
51.79399108886719
38.539817810058594
52.8939323425293
20.791873931884766
51.933128356933594
47.44025421142578
54.08711242675781
25.14870834350586
13.988561630249023
25.055068969726562
35.37857437133789
18.322370529174805
20.745080947875977
66.1478042602539
23.431297302246094
26.946643829345703
33.148136138916016
12.597198486328125
69.14238739013672
26.93685531616211
17.70783042907715
30.654888153076172
57.850399017333984
30.27373504638672
19.434131622314453
12.906970977783203
13.744565963745117
54.718048095703125
53.31480407714844
25.51854705810547
17.716495513916016
62.551273345947266
66.82414245605469
38.57856750488281
17.817270278930664
64.74524688720703
15.011575698852539
11.541088104248047
20.75689125061035
30.212886810302734
19.9066104888916
39.436439514160156
23.311603546142578
31.292869567871094
12.906970977783203
41.07535934448242
23.166501998901367
24.65272331237793
27.078248977661133
28.873706817626953
68.37042999267578
12.597198486328125
1.0672607527100744e+20
29.484458923339844
66.76914978027344
12.13612174987793
6.632179085372738e+34
23.311603546142578
11185.76953125
24.4156436920166
25.61054039001465
13.912681579589844
24.99381446838379
25.55307960510254
284.7654724121094
25.508769989013672
79.62882232666016
25.135622024536133
10.76339340209961
27.652557373046875
86.32632446289062
11.541088104248047
16.703115463256836
12.625066757202148
59.84616470336914
28.39681625366211
16.054466247558594
20.801830291748047
22.27841567993164
25.983768463134766
23.311603546142578
30.738548278808594
52.50865173339844
79.15570068359375
51.98897933959961
23.311603546142578
19.44287109375
11.850858688354492
29.058242797851562
4.339042229873238e+34
51.82666015625
18.30860137939453
25.728015899658203
12.625066757202148
56.34016418457031
13.06662368774414
23.311603546142578
15.851530075073242
50.073814392089844
66.88706970214844
23.311603546142578
30.212886810302734
36.268157958984375
25.334199905395508
26.023555755615234
28.33722496032715
11.717548370361328
14.380687713623047
33.172767639160156
