17.42547035217285
16.43708038330078
18.207122802734375
22.627729415893555
18.569225311279297
16.7065372467041
16.7065372467041
17.250015258789062
16.59795570373535
21.383705139160156
19.080142974853516
19.455928802490234
18.71331024169922
20.91101837158203
15.863968849182129
18.065662384033203
16.43708038330078
16.286123275756836
17.250015258789062
18.207122802734375
15.460063934326172
14.85321044921875
17.934480667114258
16.63852310180664
16.7065372467041
16.7065372467041
19.455928802490234
17.934480667114258
16.7065372467041
14.85321044921875
17.620723724365234
15.81855583190918
17.934480667114258
15.283242225646973
17.070358276367188
21.034751892089844
14.758325576782227
16.63852310180664
17.301044464111328
16.75651741027832
15.462419509887695
15.119308471679688
16.43708038330078
17.43132972717285
19.455928802490234
17.16069793701172
17.42547035217285
14.615288734436035
15.353360176086426
14.85321044921875
15.119308471679688
18.318614959716797
14.85321044921875
16.7065372467041
17.934480667114258
19.455928802490234
20.37408447265625
17.250015258789062
16.7065372467041
18.71331024169922
14.758325576782227
18.03143882751465
18.207122802734375
17.11567497253418
18.315189361572266
18.18744659423828
17.43132972717285
20.132646560668945
20.37408447265625
15.119308471679688
16.75651741027832
14.758325576782227
17.42547035217285
16.35797882080078
15.482904434204102
16.7065372467041
16.113855361938477
15.119308471679688
16.43402671813965
21.591623306274414
16.81233024597168
19.455928802490234
14.85321044921875
20.55062484741211
19.455928802490234
17.934480667114258
18.03143882751465
18.786325454711914
17.511634826660156
15.119308471679688
22.513824462890625
17.887962341308594
18.569225311279297
20.25784683227539
17.934480667114258
15.102940559387207
17.98343276977539
18.7777042388916
16.726261138916016
21.091093063354492
15.237898826599121
21.383705139160156
18.051895141601562
22.576622009277344
16.7065372467041
17.213741302490234
21.383705139160156
22.01216697692871
17.620723724365234
18.691116333007812
17.42547035217285
15.353360176086426
21.383705139160156
17.250015258789062
16.43402671813965
17.934480667114258
18.03143882751465
14.758325576782227
22.825862884521484
15.237898826599121
18.740524291992188
16.59795570373535
23.41965103149414
16.7065372467041
17.42547035217285
19.455928802490234
18.55460548400879
19.650407791137695
19.273468017578125
21.383705139160156
17.070358276367188
14.758325576782227
16.81233024597168
18.691116333007812
24.84503173828125
18.181344985961914
17.295948028564453
14.758325576782227
1478.417236328125
16.306453704833984
20.49000358581543
22.21523666381836
16.43708038330078
18.301084518432617
29.119197845458984
14.735651016235352
17.42547035217285
17.934480667114258
21.383705139160156
17.37819480895996
64.87738800048828
28.489078521728516
49.84336853027344
22.003997802734375
46.868080139160156
58.57774353027344
46.868080139160156
27.652137756347656
40.140289306640625
56.756107330322266
21.194900512695312
40.0872917175293
37.37528991699219
32.595027923583984
25.102706909179688
27.534591674804688
83.00579071044922
24.317157745361328
20.411792755126953
29.794158935546875
63.737937927246094
21.57390022277832
33.04103088378906
31.501781463623047
23.689228057861328
109.6288070678711
41.19721221923828
1443.94189453125
29.42000961303711
25.102706909179688
30.5040283203125
29.707059860229492
19.602502822875977
29.536151885986328
22.557048797607422
81.58597564697266
24.63717269897461
41.82684326171875
25.102706909179688
115.22610473632812
28.1984806060791
62.088294982910156
32.595027923583984
13.814424514770508
411.8966064453125
70.13753509521484
19.186588287353516
27.110620498657227
27.841089248657227
28.067604064941406
56.76887893676758
27.534591674804688
23.59796905517578
93.19234466552734
72.52287292480469
32.595027923583984
17.726619720458984
28.807437896728516
32.22181701660156
58.50727462768555
17.726619720458984
18.57127571105957
35.60074234008789
31.434307098388672
28.96295166015625
27.225709915161133
23.944429397583008
57.493961334228516
71.45903015136719
40.32618713378906
24.931171417236328
24.317157745361328
19.553144454956055
71.55218505859375
27.307727813720703
21.25165367126465
30.87860107421875
32.595027923583984
19.09168243408203
28.294837951660156
21.57390022277832
70.72731018066406
364130.34375
32.88711929321289
21.167701721191406
69.9268569946289
20.157047271728516
60.64755630493164
117.93397521972656
31.568023681640625
47.517555236816406
32.22181701660156
46.05940246582031
66.32832336425781
24.33643341064453
19.09168243408203
21.63301658630371
18.959007263183594
19.57613754272461
27.294971466064453
21.247665405273438
20.29309844970703
32.595027923583984
29.2652530670166
28.425209045410156
43.925411224365234
18.20942497253418
18.393959045410156
20.667755126953125
23.02193832397461
19.09168243408203
29.89109230041504
32.20698928833008
22.627302169799805
23.38123893737793
29.5120849609375
33.81626510620117
18.666738510131836
27.534591674804688
18.69427490234375
33.68761444091797
95056870506496.0
21.931110382080078
32.595027923583984
29.830028533935547
62.77503967285156
40.483402252197266
727978031972352.0
32.074188232421875
23.572669982910156
29.286136627197266
24.82211685180664
57.04741287231445
22.25115203857422
27.44608497619629
28.75224494934082
57.640506744384766
27.229522705078125
19.186588287353516
28.706417083740234
22.743236541748047
31.59156608581543
40.44586944580078
40.26341247558594
21.799190521240234
45.53255844116211
57.03795623779297
24.577301025390625
39.93855667114258
40.739837646484375
19.47591781616211
58.68913269042969
18.20942497253418
31.873397827148438
40.54853057861328
38.104122161865234
33.941322326660156
22.863414764404297
33.995635986328125
18.157691955566406
80.80225372314453
32.22181701660156
20.27397918701172
18.314868927001953
68.99794006347656
58.08677291870117
22.808822631835938
40.375030517578125
31.412738800048828
19.030214309692383
105.04630279541016
23.64918327331543
56050912.0
20.414167404174805
18.475322723388672
27.947856903076172
1611.0277099609375
119.5872573852539
27.55158805847168
20.72262954711914
27.947856903076172
25.425369262695312
19.81075668334961
27.07916259765625
32.35968017578125
18.797090530395508
70.8848876953125
41.95903015136719
18.20942497253418
99.53128814697266
14.777854919433594
22.287044525146484
24.20870590209961
41.693603515625
22.134693145751953
24.111709594726562
32.595027923583984
21.40094757080078
19.812427520751953
34.38355255126953
74.58521270751953
50.03995895385742
71.325439453125
19.64533233642578
19.09168243408203
41.17354202270508
75.49493408203125
803.4490356445312
92.72761535644531
31.48917007446289
22.201679229736328
25.120481491088867
42.13147735595703
31.391565322875977
20.86943244934082
25.509685516357422
95.12864685058594
34.34085464477539
19.326332092285156
21.57390022277832
461659799552.0
19.09168243408203
25.425369262695312
51.8278694152832
182.55714416503906
57.05533218383789
22.497976303100586
26.997589111328125
28.616857528686523
32.89352798461914
32.02708435058594
58.132598876953125
32.595027923583984
18.471378326416016
27.743648529052734
33.627437591552734
18.580087661743164
25.232099533081055
71.13290405273438
70.04177856445312
1096141.875
56.94788360595703
39.80812072753906
57.765865325927734
24.969837188720703
57.05533218383789
52.816898345947266
58.827938079833984
28.685989379882812
19.57613754272461
28.37191390991211
39.358367919921875
22.99211883544922
25.188491821289062
72.56239318847656
27.177085876464844
30.70033073425293
35.49083709716797
19.30349349975586
73.27299499511719
30.483060836791992
23.103782653808594
32.92388153076172
62.49622344970703
33.12628173828125
25.102706909179688
19.186588287353516
18.38498878479004
58.87070083618164
58.22399139404297
29.311050415039062
23.389846801757812
64.42388916015625
73.25936126708984
40.771358489990234
22.707782745361328
72.06266021728516
20.31488609313965
18.475322723388672
25.425369262695312
32.595027923583984
23.779163360595703
41.369136810302734
27.534591674804688
33.042850494384766
19.186588287353516
42.633758544921875
27.483566284179688
27.69957160949707
31.00177764892578
32.3105354309082
69.96609497070312
19.30349349975586
7.464617426320097e+17
32.395118713378906
68.60449981689453
18.580087661743164
5.8360546375723084e+29
27.534591674804688
5686.42529296875
27.81340217590332
27.68012237548828
19.616958618164062
28.401308059692383
29.086275100708008
265.2590637207031
28.93355369567871
84.13275146484375
28.6887149810791
17.726619720458984
31.41980743408203
92.68529510498047
18.475322723388672
22.56219482421875
19.09168243408203
63.29247283935547
30.535511016845703
21.27911376953125
24.86952018737793
26.377220153808594
29.854080200195312
27.534591674804688
32.935455322265625
54.658653259277344
86.30641174316406
57.18636703491211
27.534591674804688
23.64918327331543
18.314868927001953
31.498029708862305
1.5345238461069804e+30
56.99618911743164
21.931785583496094
28.58169174194336
19.09168243408203
52.532371520996094
19.1002197265625
27.534591674804688
21.606578826904297
52.193843841552734
73.3278579711914
27.534591674804688
32.595027923583984
40.377315521240234
28.365863800048828
29.701984405517578
30.716106414794922
18.372615814208984
20.11715316772461
35.023555755615234
