3.4623489379882812
19.265422821044922
3.4422435760498047
11.361371994018555
5.491689682006836
1.5695934295654297
1.5695934295654297
4.318916320800781
2.0327587127685547
6.783773422241211
6.143665313720703
6.488258361816406
3.6070613861083984
9.129390716552734
1.1942729949951172
4.990806579589844
19.265422821044922
1.9132156372070312
4.318916320800781
3.4422435760498047
0.6555805206298828
-1.7811717987060547
3.298725128173828
1.1423282623291016
1.5695934295654297
1.5695934295654297
6.488258361816406
3.298725128173828
1.5695934295654297
-1.7811717987060547
4.685909271240234
1.0735054016113281
3.298725128173828
2.7201080322265625
2.4499034881591797
9.399017333984375
-1.5246639251708984
1.1423282623291016
3.459348678588867
3.4237613677978516
0.08285713195800781
-1.1949901580810547
19.265422821044922
3.8985729217529297
6.488258361816406
16.479145050048828
3.4623489379882812
-1.5297393798828125
0.5938129425048828
-1.7811717987060547
-1.1949901580810547
4.724994659423828
-1.7811717987060547
1.5695934295654297
3.298725128173828
6.488258361816406
7.973979949951172
4.318916320800781
1.5695934295654297
3.6070613861083984
-1.5246639251708984
3.5328617095947266
3.4422435760498047
17.491485595703125
6.152008056640625
5.379344940185547
3.8985729217529297
7.45689582824707
7.973979949951172
-1.1949901580810547
3.4237613677978516
-1.5246639251708984
3.4623489379882812
1.9209747314453125
0.9063777923583984
1.5695934295654297
1.1362323760986328
-1.1949901580810547
2.3857574462890625
25.73925018310547
1.0827198028564453
6.488258361816406
-1.7811717987060547
10.909446716308594
6.488258361816406
3.298725128173828
3.5328617095947266
7.284412384033203
3.2328720092773438
-1.1949901580810547
8.078289031982422
5.506202697753906
5.491689682006836
9.886503219604492
3.298725128173828
2.0460777282714844
4.834171295166016
7.186561584472656
1.7215766906738281
9.938661575317383
0.25311851501464844
6.783773422241211
5.59559440612793
8.381317138671875
1.5695934295654297
4.115848541259766
6.783773422241211
13.271316528320312
4.685909271240234
6.1979522705078125
3.4623489379882812
0.5938129425048828
6.783773422241211
4.318916320800781
2.3857574462890625
3.298725128173828
3.5328617095947266
-1.5246639251708984
13.863565444946289
0.25311851501464844
4.02556037902832
2.0327587127685547
18.13007926940918
1.5695934295654297
3.4623489379882812
6.488258361816406
4.680759429931641
7.558895111083984
15.246828079223633
6.783773422241211
2.4499034881591797
-1.5246639251708984
1.0827198028564453
6.1979522705078125
14.282861709594727
5.7229766845703125
4.260608673095703
-1.5246639251708984
8969.53125
3.1348800659179688
10.230125427246094
13.790277481079102
19.265422821044922
4.166790008544922
20.704072952270508
-1.43310546875
3.4623489379882812
3.298725128173828
6.783773422241211
19.196311950683594
52.71337890625
17.20616912841797
44.18855285644531
9.952394485473633
26.793716430664062
47.59343719482422
26.793716430664062
17.195281982421875
35.427330017089844
53.98577117919922
9.029056549072266
29.771846771240234
32.62519073486328
26.441204071044922
10.271738052368164
15.55656623840332
88.70152282714844
12.758119583129883
6.57452392578125
23.298492431640625
60.26099395751953
6.139656066894531
27.434406280517578
25.185726165771484
11.665199279785156
113.2260513305664
37.625431060791016
9849.7080078125
20.099227905273438
10.271738052368164
24.846834182739258
23.980030059814453
3.8205528259277344
19.207603454589844
6.5185089111328125
70.31562805175781
11.884140014648438
38.23695755004883
10.271738052368164
501.5112609863281
18.761117935180664
54.42656326293945
26.441204071044922
-2.5020294189453125
1001.2581787109375
55.077232360839844
3.55499267578125
15.742055892944336
19.59271240234375
20.509178161621094
45.662620544433594
15.55656623840332
11.151918411254883
140.0923614501953
57.32603454589844
26.441204071044922
-0.9125328063964844
30.262746810913086
21.911334991455078
86.22915649414062
-0.9125328063964844
3.28753662109375
31.3400821685791
24.072391510009766
19.33932876586914
18.952014923095703
11.685009002685547
46.53123092651367
58.15570831298828
30.415040969848633
16.22199058532715
12.758119583129883
3.443990707397461
56.64113235473633
17.617473602294922
4.334083557128906
23.2108211517334
26.441204071044922
1.2203903198242188
20.353965759277344
6.139656066894531
56.02570724487305
7352839.0
25.305301666259766
4.4073638916015625
57.41649627685547
4.7233428955078125
49.66383361816406
197.3679962158203
24.242765426635742
40.88531494140625
21.911334991455078
42.084815979003906
55.88117980957031
13.325511932373047
1.2203903198242188
8.57058334350586
2.985626220703125
6.610721588134766
16.419553756713867
8.818784713745117
6.276165008544922
26.441204071044922
19.2253475189209
17.65917205810547
39.53875732421875
1.8231086730957031
0.597412109375
6.831745147705078
9.219026565551758
1.2203903198242188
18.54121971130371
22.89185333251953
11.016643524169922
10.227437973022461
19.366086959838867
28.472187042236328
2.6069412231445312
15.55656623840332
1.9930992126464844
28.339969635009766
1.0958188148948992e+17
7.095996856689453
26.441204071044922
18.82586669921875
52.854061126708984
34.96443557739258
1.28776341161404e+18
25.87832260131836
15.052921295166016
19.83790397644043
13.39572525024414
45.74094009399414
8.074090957641602
18.134449005126953
20.218875885009766
46.21162796020508
15.591882705688477
3.55499267578125
18.89959144592285
9.11052131652832
24.14640235900879
35.00205993652344
30.117063522338867
9.668500900268555
40.8823356628418
45.19686508178711
14.591911315917969
30.301345825195312
35.20875549316406
4.575786590576172
47.71782684326172
1.8231086730957031
25.989307403564453
24.505626678466797
33.1922492980957
24.219587326049805
8.268913269042969
26.650602340698242
0.9803314208984375
118.34283447265625
21.911334991455078
5.612794876098633
1.0900115966796875
53.07625961303711
46.63237380981445
8.493587493896484
30.662189483642578
23.851478576660156
2.9045333862304688
121.53227233886719
13.06036376953125
426861504.0
5.112957000732422
0.3052558898925781
17.1895694732666
11205.0224609375
154.86590576171875
16.30646324157715
6.248241424560547
17.1895694732666
14.614925384521484
6.6858062744140625
17.506080627441406
26.350242614746094
2.7083168029785156
54.660682678222656
31.16824722290039
1.8231086730957031
122.45042419433594
-0.4487724304199219
8.119022369384766
9.596927642822266
36.380496978759766
7.602685928344727
11.966196060180664
26.441204071044922
7.412019729614258
5.220813751220703
44.56691360473633
75.908447265625
46.642208099365234
56.59907913208008
4.559247970581055
1.2203903198242188
32.747032165527344
60.691253662109375
4462.11572265625
78.6375503540039
21.718053817749023
6.4473724365234375
14.51426887512207
37.08948516845703
25.334192276000977
8.940910339355469
15.76127815246582
100.7840347290039
28.646015167236328
3.089031219482422
6.139656066894531
199294804033536.0
1.2203903198242188
14.614925384521484
46.73464584350586
150.2375946044922
45.529083251953125
8.103593826293945
17.839569091796875
19.96449089050293
23.382959365844727
24.73488426208496
47.0449333190918
26.441204071044922
2.184246063232422
17.418676376342773
26.349082946777344
1.6622581481933594
14.26175308227539
64.34355926513672
53.90937805175781
15248954.0
45.37884521484375
37.421287536621094
47.26852798461914
14.903091430664062
45.529083251953125
41.698326110839844
48.69960403442383
19.480690002441406
6.610721588134766
20.110837936401367
29.492443084716797
11.249515533447266
15.752983093261719
57.352745056152344
17.554590225219727
21.646512985229492
29.372432708740234
1.6394309997558594
62.84584045410156
21.66667366027832
8.890979766845703
27.118423461914062
52.56912612915039
26.450042724609375
10.271738052368164
3.55499267578125
6.685096740722656
49.10029602050781
47.56379699707031
20.05271339416504
8.321453094482422
63.043235778808594
57.92356872558594
35.334373474121094
18.163494110107422
55.85845947265625
8.16781997680664
0.3052558898925781
14.614925384521484
26.441204071044922
14.02562141418457
37.253456115722656
15.55656623840332
28.981937408447266
3.55499267578125
39.07555389404297
17.92837905883789
20.195724487304688
21.35143280029297
23.993343353271484
63.240596771240234
1.6394309997558594
8.574951503067831e+20
23.197912216186523
61.81163787841797
1.6622581481933594
7.397633678354279e+36
15.55656623840332
17462.19921875
19.00006103515625
25.72939682006836
5.656730651855469
20.141460418701172
18.720365524291992
236.80284118652344
19.764070510864258
77.4492416381836
18.05979347229004
-0.9125328063964844
21.964679718017578
78.59112548828125
0.3052558898925781
7.573589324951172
1.2203903198242188
55.3447151184082
25.386857986450195
11.572189331054688
14.28544807434082
16.637643814086914
21.576650619506836
15.55656623840332
27.275291442871094
49.787208557128906
71.03292083740234
45.53466033935547
15.55656623840332
13.06036376953125
1.0900115966796875
25.707290649414062
3.2262858168728145e+36
45.387908935546875
14.971023559570312
21.676864624023438
1.2203903198242188
71.00321197509766
3.4957275390625
15.55656623840332
6.357456207275391
46.9824104309082
57.99148178100586
15.55656623840332
26.441204071044922
30.195892333984375
27.79016876220703
20.876964569091797
24.91860008239746
0.8734397888183594
5.926490783691406
30.653194427490234
