9.455755233764648
15.580240249633789
9.815835952758789
16.07866668701172
10.966035842895508
7.909114837646484
7.909114837646484
9.894582748413086
8.241405487060547
12.80479621887207
11.296762466430664
12.046834945678711
9.995656967163086
13.97091293334961
7.297796249389648
10.526668548583984
15.580240249633789
7.9322052001953125
9.894582748413086
9.815835952758789
6.767753601074219
5.243066787719727
9.53708267211914
7.819215774536133
7.909114837646484
7.909114837646484
12.046834945678711
9.53708267211914
7.909114837646484
5.243066787719727
10.129739761352539
7.317575454711914
9.53708267211914
7.726634979248047
8.779510498046875
14.179536819458008
5.345157623291016
7.819215774536133
9.3563232421875
8.951290130615234
6.571971893310547
5.696836471557617
15.580240249633789
9.610759735107422
12.046834945678711
14.970623016357422
9.455755233764648
5.2470703125
6.676179885864258
5.243066787719727
5.696836471557617
10.311494827270508
5.243066787719727
7.909114837646484
9.53708267211914
12.046834945678711
13.14501953125
9.894582748413086
7.909114837646484
9.995656967163086
5.345157623291016
9.710498809814453
9.815835952758789
14.951164245605469
11.440547943115234
10.766328811645508
9.610759735107422
12.768051147460938
13.14501953125
5.696836471557617
8.951290130615234
5.345157623291016
9.455755233764648
8.006582260131836
6.964902877807617
7.909114837646484
7.508127212524414
5.696836471557617
8.19778060913086
21.757274627685547
7.797422409057617
12.046834945678711
5.243066787719727
14.905685424804688
12.046834945678711
9.53708267211914
9.710498809814453
12.10651969909668
9.392702102661133
5.696836471557617
13.886322021484375
10.642854690551758
10.966035842895508
14.211509704589844
9.53708267211914
7.204704284667969
10.391883850097656
12.134319305419922
8.216772079467773
14.71194076538086
6.443260192871094
12.80479621887207
10.814031600952148
14.078014373779297
7.909114837646484
8.825014114379883
12.80479621887207
16.174726486206055
10.129739761352539
11.50030517578125
9.455755233764648
6.676179885864258
12.80479621887207
9.894582748413086
8.19778060913086
9.53708267211914
9.710498809814453
5.345157623291016
17.521169662475586
6.443260192871094
10.233428955078125
8.241405487060547
20.13568878173828
7.909114837646484
9.455755233764648
12.046834945678711
10.595359802246094
12.686433792114258
16.104236602783203
12.80479621887207
8.779510498046875
5.345157623291016
7.797422409057617
11.50030517578125
18.39706802368164
11.04598617553711
9.664470672607422
5.345157623291016
14263.7021484375
8.531511306762695
13.95515251159668
17.314632415771484
15.580240249633789
10.211051940917969
24.102617263793945
5.072498321533203
9.455755233764648
9.53708267211914
12.80479621887207
16.296852111816406
57.55036926269531
21.33983039855957
45.702327728271484
13.572813034057617
34.62352752685547
51.505374908447266
34.62352752685547
21.176271438598633
37.07551956176758
55.023704528808594
13.832548141479492
33.78089141845703
34.36347198486328
28.9593448638916
16.300430297851562
20.974384307861328
99.04601287841797
17.22151756286621
11.957355499267578
25.831104278564453
61.61753845214844
12.542078018188477
29.55046272277832
27.663314819335938
16.599084854125977
110.607666015625
38.851619720458984
6711.8779296875
24.189437866210938
16.300430297851562
27.02206039428711
26.20351791381836
10.260953903198242
23.775901794433594
13.459403991699219
74.30122375488281
17.196653366088867
39.4348258972168
16.300430297851562
271.3268127441406
22.606748580932617
57.08151626586914
28.9593448638916
4.146013259887695
649.0776977539062
61.077850341796875
9.597126007080078
21.042362213134766
22.95486068725586
23.013227462768555
49.63500213623047
20.974384307861328
16.153568267822266
111.42395782470703
62.83637237548828
28.9593448638916
6.865930557250977
27.203218460083008
26.389739990234375
69.5951919555664
6.865930557250977
9.285104751586914
32.89482879638672
26.595142364501953
22.359161376953125
21.987773895263672
16.556188583374023
50.67626190185547
63.570709228515625
34.209190368652344
19.649551391601562
17.22151756286621
10.290302276611328
61.48924255371094
21.489805221557617
11.597455978393555
26.584434509277344
28.9593448638916
8.861373901367188
22.048948287963867
12.542078018188477
61.335567474365234
1302785.0
28.151992797851562
11.424867630004883
62.65838623046875
11.243053436279297
53.265403747558594
156.00624084472656
27.14444351196289
43.27467727661133
26.389739990234375
43.57036209106445
60.090980529785156
17.027366638183594
8.861373901367188
13.881729125976562
9.60604476928711
11.171195983886719
20.687074661254883
13.10335922241211
11.814308166503906
28.9593448638916
22.94976043701172
21.471044540405273
41.183631896972656
8.398656845092773
8.039213180541992
12.423746109008789
15.089714050292969
8.861373901367188
23.07009506225586
27.369049072265625
15.225435256958008
15.608579635620117
23.230335235595703
30.471433639526367
8.987415313720703
20.974384307861328
8.902851104736328
30.366573333740234
2.015223394294825e+17
13.40013313293457
28.9593448638916
22.924400329589844
56.166561126708984
37.144615173339844
2.475083137495859e+18
28.403844833374023
18.04863166809082
23.360509872436523
18.13165283203125
49.78174591064453
13.994401931762695
21.913843154907227
24.383970260620117
50.1964225769043
19.798095703125
9.597126007080078
22.857505798339844
14.520858764648438
26.922008514404297
37.162845611572266
34.05113983154297
14.38934326171875
42.7161979675293
49.4267692565918
18.545303344726562
34.02544021606445
37.384666442871094
9.629205703735352
51.425323486328125
8.398656845092773
28.11591339111328
30.285388946533203
34.925079345703125
28.054893493652344
14.21187973022461
29.01774787902832
8.170217514038086
97.5771484375
26.389739990234375
11.599370956420898
8.297334671020508
58.82421112060547
50.69915771484375
14.525482177734375
34.317901611328125
27.1693115234375
8.571847915649414
113.45401000976562
17.257984161376953
116294752.0
11.248285293579102
7.660123825073242
20.77659034729004
3363.25048828125
138.19476318359375
20.69675064086914
12.165054321289062
20.77659034729004
18.550886154174805
11.986572265625
21.257976531982422
28.640413284301758
9.329595565795898
60.53398513793945
35.163856506347656
8.398656845092773
104.61167907714844
5.710538864135742
13.811132431030273
15.806747436523438
38.45501708984375
13.814708709716797
17.026458740234375
28.9593448638916
13.276145935058594
11.333444595336914
35.21394348144531
74.15190124511719
47.8880500793457
61.926246643066406
10.889957427978516
8.861373901367188
36.00729751586914
66.4557876586914
2644.485595703125
83.42733764648438
26.203933715820312
13.169511795043945
18.780426025390625
39.01229476928711
27.752113342285156
13.446149826049805
19.768362045288086
98.87165832519531
30.717714309692383
9.914270401000977
12.542078018188477
317408921255936.0
8.861373901367188
18.550886154174805
48.83901596069336
181.47853088378906
49.58767318725586
14.27027702331543
20.412261962890625
23.394268035888672
27.28227424621582
28.03966522216797
50.80250549316406
28.9593448638916
8.785648345947266
21.91356086730957
29.114505767822266
8.47146224975586
18.80153465270996
69.5684814453125
59.31395721435547
11349991.0
49.50028991699219
37.958091735839844
51.13994216918945
18.704635620117188
49.58767318725586
44.68701934814453
52.07946014404297
23.290254592895508
11.171195983886719
23.31403160095215
33.33613967895508
15.889657974243164
18.897443771362305
62.88284683227539
21.44043731689453
25.092803955078125
31.896095275878906
8.797246932983398
67.10492706298828
25.136098861694336
14.861139297485352
29.47977066040039
55.9150390625
28.859893798828125
16.300430297851562
9.597126007080078
11.311431884765625
52.6881103515625
51.25297546386719
23.622047424316406
14.687225341796875
62.281715393066406
63.539710998535156
37.4539794921875
16.34498405456543
61.6356315612793
12.375709533691406
7.660123825073242
18.550886154174805
28.9593448638916
17.88776206970215
38.518463134765625
20.974384307861328
30.44583511352539
9.597126007080078
40.402931213378906
21.268577575683594
23.080623626708984
25.11578369140625
27.183687210083008
68.40375518798828
8.797246932983398
2.858566695256131e+21
27.820106506347656
66.712158203125
8.47146224975586
8.254216119603139e+37
20.974384307861328
7128.85595703125
22.591354370117188
25.02734375
10.887821197509766
23.262008666992188
23.528945922851562
273.89556884765625
23.628555297851562
79.51454162597656
23.107656478881836
6.865930557250977
25.738262176513672
83.38117218017578
7.660123825073242
13.67039680480957
8.861373901367188
58.4700927734375
27.340320587158203
13.98825454711914
18.633495330810547
20.243009567260742
24.20052146911621
20.974384307861328
29.594402313232422
51.476078033447266
76.3529052734375
49.57491683959961
20.974384307861328
17.257984161376953
8.297334671020508
27.85320472717285
4.674280060775643e+37
49.522239685058594
16.724796295166016
24.29507064819336
8.861373901367188
59.58485412597656
9.778129577636719
20.974384307861328
12.738044738769531
49.17264175415039
63.60910415649414
20.974384307861328
28.9593448638916
34.15693283081055
25.050050735473633
24.218433380126953
27.147308349609375
8.03078842163086
11.367895126342773
32.26980209350586
