21.627519607543945
20.2081298828125
22.819255828857422
26.464685440063477
22.82648468017578
21.513376235961914
21.513376235961914
21.443103790283203
21.241832733154297
26.439414978027344
23.33492088317871
23.53904151916504
23.5914249420166
24.96380043029785
20.679302215576172
22.067733764648438
20.2081298828125
20.98998260498047
21.443103790283203
22.819255828857422
20.395004272460938
20.144805908203125
22.510482788085938
21.496410369873047
21.513376235961914
21.513376235961914
23.53904151916504
22.510482788085938
21.513376235961914
20.144805908203125
21.841575622558594
20.643775939941406
22.510482788085938
19.95978546142578
21.56911277770996
25.0382080078125
19.983898162841797
21.496410369873047
21.778226852416992
21.195049285888672
20.438701629638672
20.29950714111328
20.2081298828125
21.783214569091797
23.53904151916504
20.96530532836914
21.627519607543945
19.817134857177734
20.295833587646484
20.144805908203125
20.29950714111328
22.656940460205078
20.144805908203125
21.513376235961914
22.510482788085938
23.53904151916504
24.490116119384766
21.443103790283203
21.513376235961914
23.5914249420166
19.983898162841797
22.565040588378906
22.819255828857422
20.752546310424805
22.243316650390625
22.3016357421875
21.783214569091797
24.270854949951172
24.490116119384766
20.29950714111328
21.195049285888672
19.983898162841797
21.627519607543945
21.04656982421875
20.295530319213867
21.513376235961914
20.799633026123047
20.29950714111328
21.109817504882812
23.693151473999023
21.708459854125977
23.53904151916504
20.144805908203125
23.75997543334961
23.53904151916504
22.510482788085938
22.565040588378906
22.549272537231445
21.944990158081055
20.29950714111328
27.817279815673828
22.019691467285156
22.82648468017578
23.69934844970703
22.510482788085938
19.920726776123047
22.239633560180664
22.658308029174805
21.319059371948242
24.660024642944336
20.242755889892578
26.439414978027344
22.152183532714844
27.862289428710938
21.513376235961914
22.673702239990234
26.439414978027344
25.58932113647461
21.841575622558594
22.506969451904297
21.627519607543945
20.295833587646484
26.439414978027344
21.443103790283203
21.109817504882812
22.510482788085938
22.565040588378906
19.983898162841797
25.9813289642334
20.242755889892578
23.564287185668945
21.241832733154297
25.455703735351562
21.513376235961914
21.627519607543945
23.53904151916504
22.91338348388672
23.372982025146484
22.608993530273438
26.439414978027344
21.56911277770996
19.983898162841797
21.708459854125977
22.506969451904297
29.145700454711914
22.17458152770996
21.615447998046875
19.983898162841797
625.7212524414062
20.99013328552246
24.40573501586914
24.99698829650879
20.2081298828125
22.724178314208984
32.910850524902344
20.26144790649414
21.627519607543945
22.510482788085938
26.439414978027344
20.827762603759766
71.11631774902344
33.09883117675781
54.35572052001953
27.147769927978516
55.85257339477539
64.67192840576172
55.85257339477539
31.752830505371094
42.57045364379883
59.07786560058594
25.529346466064453
44.09229278564453
39.396697998046875
34.96900177001953
29.81159210205078
31.510448455810547
83.24409484863281
28.57158660888672
25.468746185302734
32.127017974853516
66.81744384765625
26.670459747314453
35.44820785522461
33.89673614501953
27.75334930419922
111.04544067382812
42.772499084472656
675.6800537109375
32.463043212890625
29.81159210205078
32.75841522216797
31.974376678466797
24.853660583496094
32.89182662963867
27.93149185180664
87.32244110107422
29.017269134521484
43.702964782714844
29.81159210205078
93.02091217041016
31.4082088470459
67.19774627685547
34.96900177001953
19.34333038330078
243.57525634765625
78.23213958740234
24.61028289794922
30.73989486694336
30.826290130615234
31.246389389038086
62.84305953979492
31.510448455810547
27.90437126159668
87.93978881835938
80.05783081054688
34.96900177001953
23.634273529052734
31.609371185302734
35.81385803222656
55.551883697509766
23.634273529052734
23.88351821899414
37.422996520996094
34.633548736572266
33.56351089477539
30.848501205444336
28.552833557128906
63.23993682861328
78.76541137695312
44.09508514404297
28.2913818359375
28.57158660888672
24.602811813354492
80.13455963134766
31.179771423339844
25.861114501953125
33.388763427734375
34.96900177001953
24.354846954345703
33.00465393066406
26.670459747314453
78.10626983642578
26693.92578125
36.31726837158203
26.259742736816406
76.02713012695312
25.222421646118164
67.00068664550781
97.29884338378906
34.21284484863281
50.751548767089844
35.81385803222656
48.162574768066406
72.04047393798828
28.75299835205078
24.354846954345703
26.175159454345703
24.103370666503906
24.854551315307617
31.435340881347656
26.378461837768555
25.296430587768555
34.96900177001953
33.509552001953125
33.046470642089844
45.95185852050781
23.66351318359375
24.266489028930664
25.493202209472656
27.587505340576172
24.354846954345703
34.282562255859375
35.061588287353516
27.13222312927246
27.81570053100586
33.64079666137695
35.980472564697266
24.016624450683594
31.510448455810547
24.256216049194336
35.86329650878906
1539189768192.0
26.822317123413086
34.96900177001953
34.34956359863281
68.33429718017578
42.52973556518555
9445369184256.0
34.48041534423828
27.016130447387695
33.224395751953125
28.737133026123047
63.07391357421875
27.06975555419922
30.546672821044922
31.593406677246094
63.669925689697266
32.121952056884766
24.61028289794922
32.58582305908203
27.7132568359375
34.804046630859375
42.41549301147461
44.10869598388672
26.285892486572266
47.78683853149414
63.27315902709961
28.318302154541016
43.62934875488281
42.81085205078125
25.06052017211914
64.74662780761719
23.66351318359375
34.616764068603516
48.08207321166992
40.41447448730469
37.97593688964844
27.769981384277344
37.503021240234375
23.740032196044922
71.6205062866211
35.81385803222656
25.361265182495117
23.95763397216797
77.12975311279297
64.44327545166016
26.76105499267578
44.32039260864258
34.9177360534668
24.760425567626953
103.55973052978516
27.596698760986328
4130218.0
25.46507453918457
24.221355438232422
32.840797424316406
483.9858703613281
106.17808532714844
32.045127868652344
25.049835205078125
32.840797424316406
29.57215118408203
24.34146499633789
30.40833282470703
34.93535232543945
24.02057456970215
79.24169158935547
46.25078201293945
23.66351318359375
108.63999938964844
20.01997184753418
27.112075805664062
29.176563262939453
43.82310485839844
27.051958084106445
28.271114349365234
34.96900177001953
26.040504455566406
24.41145133972168
36.69214630126953
77.72164916992188
52.22062683105469
78.72743225097656
24.42461585998535
24.354846954345703
44.5008430480957
82.69596862792969
395.1334533691406
99.07259368896484
34.44308090209961
27.47613525390625
29.099437713623047
44.322235107421875
33.905303955078125
25.299015045166016
28.791751861572266
93.96444702148438
36.89788818359375
24.52267837524414
26.670459747314453
13427558400.0
24.354846954345703
29.57215118408203
54.67518615722656
180.27792358398438
63.101566314697266
27.308406829833984
31.350648880004883
32.00255584716797
36.319854736328125
34.364959716796875
64.24833679199219
34.96900177001953
23.944175720214844
31.120426177978516
36.41883850097656
23.86016082763672
29.044666290283203
75.43221282958984
78.71422576904297
193706.53125
63.05147933959961
41.58491134643555
63.8234977722168
28.83741569519043
63.101566314697266
59.84657287597656
64.9269027709961
31.99454689025879
24.854551315307617
31.234582901000977
43.16428756713867
27.349863052368164
29.434616088867188
80.10536193847656
30.395647048950195
34.633819580078125
37.78429412841797
24.8616943359375
78.81441497802734
34.091556549072266
27.81557846069336
35.240665435791016
68.03363800048828
36.04051971435547
29.81159210205078
24.61028289794922
22.46099090576172
64.10975646972656
64.31309509277344
33.141624450683594
28.609777450561523
68.39389038085938
80.886474609375
42.839595794677734
28.072614669799805
80.44978332519531
25.397125244140625
24.221355438232422
29.57215118408203
34.96900177001953
27.367799758911133
43.655174255371094
31.510448455810547
34.79512023925781
24.61028289794922
44.688724517822266
31.870281219482422
30.687023162841797
34.77457046508789
35.68508529663086
74.20006561279297
24.8616943359375
8863717282283520.0
35.2242431640625
73.3080825805664
23.86016082763672
1.8202763977826155e+25
31.510448455810547
1248.972412109375
30.7451171875
30.647790908813477
24.80158233642578
31.430681228637695
32.31769561767578
252.25331115722656
32.044898986816406
90.36209869384766
32.03491973876953
23.634273529052734
35.1606330871582
99.03157806396484
24.221355438232422
27.498441696166992
24.354846954345703
68.53787231445312
32.60250473022461
26.165889739990234
28.487693786621094
30.009180068969727
33.817298889160156
31.510448455810547
35.136268615722656
56.687965393066406
94.2157974243164
63.398948669433594
31.510448455810547
27.596698760986328
23.95763397216797
33.99884033203125
2.1670720273634325e+26
63.1077995300293
25.528779983520508
31.44768524169922
24.354846954345703
51.1252555847168
24.430492401123047
31.510448455810547
26.717592239379883
55.08505630493164
80.9754638671875
31.510448455810547
34.96900177001953
44.27714538574219
32.53264236450195
33.45195007324219
33.03584289550781
24.113855361938477
25.202852249145508
36.88798141479492
