30.210128784179688
30.942052841186523
31.694053649902344
34.318634033203125
31.268821716308594
30.938730239868164
30.938730239868164
29.654964447021484
30.33213996887207
38.650699615478516
31.62838363647461
31.317289352416992
33.46353530883789
33.102134704589844
29.593517303466797
30.458599090576172
30.942052841186523
29.93052101135254
29.654964447021484
31.694053649902344
29.797758102416992
29.999412536621094
31.394250869750977
30.89255714416504
30.938730239868164
30.938730239868164
31.317289352416992
31.394250869750977
30.938730239868164
29.999412536621094
29.802289962768555
30.00309181213379
31.394250869750977
29.342491149902344
30.38629150390625
33.064537048339844
29.75264549255371
30.89255714416504
30.37556266784668
29.47159767150879
29.712905883789062
29.908973693847656
30.942052841186523
30.317773818969727
31.317289352416992
31.078445434570312
30.210128784179688
29.631824493408203
29.476491928100586
29.999412536621094
29.908973693847656
31.08881950378418
29.999412536621094
30.938730239868164
31.394250869750977
31.317289352416992
32.71834182739258
29.654964447021484
30.938730239868164
33.46353530883789
29.75264549255371
31.35044288635254
31.694053649902344
30.586610794067383
29.963871002197266
30.299943923950195
30.317773818969727
32.42253112792969
32.71834182739258
29.908973693847656
29.47159767150879
29.75264549255371
30.210128784179688
29.853557586669922
29.276508331298828
30.938730239868164
29.854082107543945
29.908973693847656
29.78660011291504
30.913999557495117
31.352863311767578
31.317289352416992
29.999412536621094
29.68465232849121
31.317289352416992
31.394250869750977
31.35044288635254
29.649372100830078
30.326778411865234
29.908973693847656
41.79215621948242
29.67845916748047
31.268821716308594
30.10464859008789
31.394250869750977
29.429061889648438
30.258380889892578
30.075481414794922
30.098861694335938
31.575963973999023
29.589426040649414
38.650699615478516
29.809682846069336
41.92207336425781
30.938730239868164
33.84624481201172
38.650699615478516
32.850704193115234
29.802289962768555
30.54017448425293
30.210128784179688
29.476491928100586
38.650699615478516
29.654964447021484
29.78660011291504
31.394250869750977
31.35044288635254
29.75264549255371
32.438724517822266
29.589426040649414
33.31941223144531
30.33213996887207
30.915626525878906
30.938730239868164
30.210128784179688
31.317289352416992
31.40966033935547
30.60612678527832
31.106595993041992
38.650699615478516
30.38629150390625
29.75264549255371
31.352863311767578
30.54017448425293
41.52692413330078
29.630687713623047
29.60761833190918
29.75264549255371
526.5010986328125
30.251129150390625
32.13717269897461
30.131837844848633
30.942052841186523
31.28445053100586
46.67974090576172
30.640979766845703
30.210128784179688
31.394250869750977
38.650699615478516
30.79446029663086
101.5094985961914
42.07120132446289
71.67298889160156
38.36075210571289
77.12916564941406
98.95399475097656
77.12916564941406
39.13785934448242
50.98445510864258
69.71564483642578
34.68781661987305
54.68367004394531
44.93869400024414
42.1695671081543
38.42731857299805
39.38803482055664
104.00798797607422
38.70701217651367
35.848506927490234
36.777565002441406
83.22149658203125
37.201629638671875
41.887351989746094
39.8394775390625
35.86986541748047
134.60667419433594
44.818382263183594
455.688720703125
38.8786735534668
38.42731857299805
38.36000061035156
37.37693405151367
35.518619537353516
39.48222351074219
38.92768859863281
115.32489776611328
38.459232330322266
50.307247161865234
38.42731857299805
113.60755157470703
37.489009857177734
100.42520904541016
42.1695671081543
29.788301467895508
243.8156280517578
114.77542114257812
36.42261505126953
38.237937927246094
37.34554672241211
37.01481628417969
96.82406616210938
39.38803482055664
36.46570587158203
82.00111389160156
116.05143737792969
42.1695671081543
35.59374237060547
38.40880584716797
42.98131561279297
51.7191276550293
35.59374237060547
34.91667175292969
42.398780822753906
42.7404670715332
42.53549575805664
39.59142303466797
38.344566345214844
95.8414306640625
116.78689575195312
54.20616912841797
35.98180389404297
38.70701217651367
34.8944091796875
120.38082885742188
40.37359619140625
35.73112487792969
39.33781051635742
42.1695671081543
35.61461639404297
42.966365814208984
37.201629638671875
112.43992614746094
987.8375854492188
45.554100036621094
36.62123489379883
105.40877532958984
35.60164260864258
104.94937896728516
74.28863525390625
40.277462005615234
62.12791061401367
42.98131561279297
54.477012634277344
104.6822509765625
39.30332946777344
35.61461639404297
35.79380416870117
34.573974609375
35.45047378540039
38.63225555419922
37.122554779052734
35.61273193359375
42.1695671081543
42.16222381591797
42.052955627441406
51.16489791870117
35.0873908996582
36.505760192871094
35.45500564575195
37.04234313964844
35.61461639404297
42.775569915771484
40.93787384033203
36.38360595703125
37.04335403442383
42.04849624633789
41.5485954284668
34.517295837402344
39.38803482055664
35.63039779663086
41.506324768066406
6947.12109375
36.790992736816406
42.1695671081543
43.035682678222656
101.52613830566406
45.70133972167969
9739.8115234375
41.67121505737305
33.63943099975586
41.60856246948242
37.18856430053711
97.0142593383789
36.607913970947266
36.30707931518555
38.1566047668457
97.24813079833984
41.68911361694336
36.42261505126953
40.27750778198242
38.81559371948242
42.25288772583008
45.17625045776367
54.11141586303711
35.68328857421875
55.15386199951172
98.25335693359375
36.599334716796875
53.62681579589844
46.07040023803711
37.401615142822266
98.90055084228516
35.0873908996582
42.00104522705078
65.9738998413086
45.46371078491211
47.89021301269531
38.05835723876953
42.76213073730469
35.190399169921875
63.29825973510742
42.98131561279297
36.15120315551758
35.48114776611328
114.96347045898438
94.57766723632812
35.70174026489258
55.525360107421875
43.6128044128418
36.9781494140625
114.36697387695312
36.60283279418945
1510.83935546875
35.4341926574707
36.16130065917969
42.269203186035156
335.8926696777344
86.99405670166016
42.02620315551758
34.550697326660156
42.269203186035156
38.291709899902344
34.00223159790039
36.50218963623047
42.004920959472656
34.74720764160156
119.39246368408203
57.89357376098633
35.0873908996582
140.40806579589844
30.008468627929688
37.092247009277344
39.053001403808594
47.96333312988281
37.11009979248047
37.1620979309082
42.1695671081543
35.113616943359375
34.813568115234375
41.951507568359375
99.59420013427734
60.12848663330078
113.39118194580078
34.129371643066406
35.61461639404297
54.12459182739258
115.26165771484375
215.2522735595703
126.2048110961914
40.3527717590332
38.2198600769043
38.0407829284668
48.82698440551758
41.275299072265625
34.19566345214844
34.804466247558594
100.7306900024414
43.43059158325195
34.900699615478516
37.201629638671875
3062.314208984375
35.61461639404297
38.291709899902344
67.43235778808594
264.2643127441406
96.6491928100586
37.207664489746094
40.988746643066406
40.455684661865234
44.05512237548828
39.43049621582031
98.8763427734375
42.1695671081543
35.34220886230469
37.95376968383789
43.063838958740234
34.65967559814453
37.037601470947266
105.43508911132812
118.25401306152344
793.9490966796875
97.07501983642578
47.43440246582031
98.45023345947266
35.7448616027832
96.6491928100586
79.1017074584961
96.51909637451172
38.86977767944336
35.45047378540039
36.68051528930664
53.245845794677734
36.28506088256836
38.80322265625
116.24359130859375
36.31749725341797
44.89801788330078
45.2000617980957
35.80238723754883
110.17562866210938
42.581512451171875
36.70673370361328
42.45099639892578
100.94957733154297
43.91223907470703
38.42731857299805
36.42261505126953
30.251876831054688
96.28874206542969
98.46321868896484
42.8786735534668
38.93090057373047
100.42375946044922
117.98199462890625
46.3422737121582
40.47623825073242
122.11488342285156
35.599525451660156
36.16130065917969
38.291709899902344
42.1695671081543
35.159217834472656
51.27135467529297
39.38803482055664
39.20158767700195
36.42261505126953
51.36123275756836
40.48085403442383
37.77243423461914
42.52796173095703
43.191070556640625
103.24922180175781
35.80238723754883
45224.71875
41.194580078125
104.1065444946289
34.65967559814453
182019.40625
39.38803482055664
643.7190551757812
36.30698013305664
36.83761215209961
35.59122848510742
36.97886657714844
39.05073928833008
410.0763244628906
38.342350006103516
123.87259674072266
39.10905075073242
35.59374237060547
43.82916259765625
126.14408874511719
36.16130065917969
37.096519470214844
35.61461639404297
100.90061950683594
37.6507568359375
37.446903228759766
36.247528076171875
36.49001693725586
42.08552551269531
39.38803482055664
41.82320022583008
63.59353256225586
136.54150390625
97.78694152832031
39.38803482055664
36.60283279418945
35.48114776611328
40.469966888427734
3434893.5
97.0899887084961
34.173561096191406
38.30998992919922
35.61461639404297
48.61138153076172
35.415260314941406
39.38803482055664
36.84784698486328
68.2286376953125
118.16419982910156
39.38803482055664
42.1695671081543
54.51782989501953
40.96493148803711
43.46533203125
38.91688919067383
36.04678726196289
36.291343688964844
41.8998908996582
