19.599063873291016
18.128463745117188
20.60662078857422
24.562366485595703
20.78076934814453
19.214393615722656
19.214393615722656
19.419647216796875
19.004196166992188
24.029787063598633
21.31491470336914
21.578567504882812
21.218353271484375
23.007137298583984
18.383031845092773
20.12835693359375
18.128463745117188
18.736093521118164
19.419647216796875
20.60662078857422
18.028770446777344
17.626602172851562
20.323287963867188
19.158159255981445
19.214393615722656
19.214393615722656
21.578567504882812
20.323287963867188
19.214393615722656
17.626602172851562
19.820209503173828
18.321609497070312
20.323287963867188
17.691652297973633
19.41461181640625
23.105792999267578
17.491466522216797
19.158159255981445
19.63400650024414
19.077695846557617
18.062000274658203
17.836589813232422
18.128463745117188
19.683929443359375
21.578567504882812
18.920074462890625
19.599063873291016
17.33063507080078
17.936805725097656
17.626602172851562
17.836589813232422
20.583580017089844
17.626602172851562
19.214393615722656
20.323287963867188
21.578567504882812
22.50522804260254
19.419647216796875
19.214393615722656
21.218353271484375
17.491466522216797
20.399314880371094
20.60662078857422
18.811918258666992
20.347991943359375
20.325454711914062
19.683929443359375
22.282167434692383
22.50522804260254
17.836589813232422
19.077695846557617
17.491466522216797
19.599063873291016
18.803863525390625
17.996925354003906
19.214393615722656
18.553508758544922
17.836589813232422
18.872726440429688
22.52194595336914
19.363079071044922
21.578567504882812
17.626602172851562
22.227642059326172
21.578567504882812
20.323287963867188
20.399314880371094
20.745574951171875
19.830408096313477
17.836589813232422
25.253171920776367
20.043949127197266
20.78076934814453
22.052330017089844
20.323287963867188
17.59269905090332
20.201087951660156
20.781822204589844
19.12534523010254
22.94744110107422
17.850160598754883
24.029787063598633
20.18745231628418
25.292308807373047
19.214393615722656
19.982044219970703
24.029787063598633
23.862804412841797
19.820209503173828
20.661479949951172
19.599063873291016
17.936805725097656
24.029787063598633
19.419647216796875
18.872726440429688
20.323287963867188
20.399314880371094
17.491466522216797
24.451614379882812
17.850160598754883
21.215187072753906
19.004196166992188
24.42659568786621
19.214393615722656
19.599063873291016
21.578567504882812
20.824888229370117
21.591815948486328
20.870380401611328
24.029787063598633
19.41461181640625
17.491466522216797
19.363079071044922
20.661479949951172
27.000774383544922
20.263559341430664
19.550283432006836
17.491466522216797
954.8401489257812
18.738059997558594
22.523468017578125
23.668411254882812
18.128463745117188
20.608598709106445
30.90513801574707
17.631181716918945
19.599063873291016
20.323287963867188
24.029787063598633
18.929519653320312
68.02835083007812
30.82623291015625
51.857994079589844
24.64722442626953
51.053627014160156
61.419612884521484
51.053627014160156
29.74789810180664
41.28092956542969
57.8766975402832
23.402917861938477
42.12866973876953
38.386688232421875
33.73763656616211
27.571773529052734
29.53485870361328
86.95487213134766
26.48062515258789
23.001331329345703
30.996957778930664
65.22264099121094
24.218711853027344
34.21000289916992
32.71928024291992
25.780658721923828
110.04357147216797
42.04262161254883
1109.82861328125
30.960512161254883
27.571773529052734
31.63448715209961
30.843265533447266
22.306114196777344
31.232322692871094
25.2900447845459
84.45187377929688
26.863624572753906
42.71439743041992
27.571773529052734
103.84688568115234
29.86432647705078
64.51264190673828
33.73763656616211
16.70506477355957
306.36328125
74.46125793457031
21.965890884399414
28.926055908203125
29.353031158447266
29.70671844482422
59.594825744628906
29.53485870361328
25.81399917602539
90.22724914550781
76.20392608642578
33.73763656616211
20.74414825439453
30.134435653686523
34.05502700805664
56.818511962890625
20.74414825439453
21.28374671936035
36.47896957397461
33.054473876953125
31.290346145629883
29.001178741455078
26.269393920898438
60.2860107421875
74.8665771484375
42.26584243774414
26.622913360595703
26.48062515258789
22.13271713256836
75.76421356201172
29.20943832397461
23.6080379486084
32.13402557373047
33.73763656616211
21.756011962890625
30.6522159576416
24.218711853027344
74.34354400634766
146744.234375
34.624412536621094
23.802087783813477
73.21773529052734
22.76703453063965
63.57417297363281
107.34260559082031
32.92455291748047
49.117027282714844
34.05502700805664
47.093868255615234
69.28266143798828
26.62664031982422
21.756011962890625
23.94208335876465
21.57956886291504
22.273134231567383
29.420923233032227
23.830284118652344
22.8504638671875
33.73763656616211
31.410873413085938
30.765342712402344
44.9268913269043
20.989665985107422
21.38300323486328
23.13194465637207
25.370473861694336
21.756011962890625
32.117835998535156
33.64546585083008
24.91092300415039
25.68410301208496
31.598438262939453
34.91548156738281
21.40471076965332
29.53485870361328
21.541976928710938
34.76112365722656
110489753354240.0
24.431360244750977
33.73763656616211
32.117652893066406
65.39312744140625
41.55754852294922
864704691961856.0
33.235565185546875
25.35454559326172
31.269744873046875
26.82546615600586
59.859153747558594
24.730892181396484
29.060087203979492
30.136741638183594
60.45625305175781
29.703388214111328
21.965890884399414
30.65582275390625
25.271522521972656
33.20004653930664
41.49013137817383
42.23632049560547
24.088300704956055
46.65193176269531
59.95307922363281
26.463146209716797
41.829498291015625
41.83002471923828
22.343324661254883
61.47694778442383
20.989665985107422
33.18486404418945
44.102508544921875
39.286808013916016
35.88862228393555
25.419809341430664
35.85261535644531
21.00141143798828
76.06234741210938
34.05502700805664
22.852569580078125
21.202735900878906
72.93556213378906
60.99679946899414
24.814205169677734
42.37615966796875
33.233768463134766
22.00912094116211
103.5340347290039
25.645902633666992
21104036.0
23.00246238708496
21.394821166992188
30.422481536865234
904.7578125
112.83779907226562
29.755104064941406
22.917236328125
30.422481536865234
27.556846618652344
22.104488372802734
28.812721252441406
33.627105712890625
21.464336395263672
74.91671752929688
44.173301696777344
20.989665985107422
108.04713439941406
17.51648712158203
24.78921890258789
26.740306854248047
42.786842346191406
24.662267684936523
26.235355377197266
33.73763656616211
23.79511260986328
22.09515953063965
35.463233947753906
75.74343872070312
51.10393524169922
74.95728302001953
22.095478057861328
21.756011962890625
42.849552154541016
79.23343658447266
675.825439453125
96.07717895507812
32.985504150390625
24.886049270629883
27.115217208862305
43.2452392578125
32.5944709777832
23.15230941772461
27.222179412841797
94.18195343017578
35.602928161621094
21.980003356933594
24.218711853027344
532308000768.0
21.756011962890625
27.556846618652344
53.254066467285156
192.35423278808594
59.8866081237793
24.970077514648438
29.24877166748047
30.318265914916992
34.641502380371094
33.207176208496094
60.93514633178711
33.73763656616211
21.259014129638672
29.45354461669922
35.05515670776367
21.27353858947754
27.185123443603516
73.98983001708984
74.2550048828125
958385.3125
59.803749084472656
40.64832305908203
60.613582611083984
26.972143173217773
59.8866081237793
55.99623489379883
61.60215759277344
30.352689743041992
22.273134231567383
29.857704162597656
41.293434143066406
25.219676971435547
27.34757423400879
76.24232482910156
28.857519149780273
32.629329681396484
36.590389251708984
22.153240203857422
75.96783447265625
32.2359733581543
25.537473678588867
34.03011703491211
65.10962677001953
34.58744430541992
27.571773529052734
21.965890884399414
20.507076263427734
61.39216613769531
61.017704010009766
31.20768165588379
26.048843383789062
66.1097183227539
76.97650909423828
41.84577560424805
25.30664825439453
76.08048248291016
22.90850067138672
21.394821166992188
27.556846618652344
33.73763656616211
25.605602264404297
42.4781494140625
29.53485870361328
33.92778015136719
21.965890884399414
43.64033508300781
29.700740814208984
29.177738189697266
32.911651611328125
34.009552001953125
72.72168731689453
22.153240203857422
1.0540902526767596e+18
33.8006591796875
71.5123519897461
21.27353858947754
7.472543518545955e+29
29.53485870361328
2945.234375
29.335161209106445
29.115921020507812
22.26470184326172
29.9689884185791
30.712732315063477
258.15264892578125
30.511974334716797
87.13135528564453
30.364145278930664
20.74414825439453
33.301124572753906
96.03439331054688
21.394821166992188
25.12356185913086
21.756011962890625
65.8178939819336
31.579824447631836
23.732803344726562
26.725929260253906
28.262807846069336
31.848159790039062
29.53485870361328
33.992332458496094
55.646087646484375
89.99212646484375
60.08420181274414
29.53485870361328
25.645902633666992
21.202735900878906
32.71836853027344
5.798086206587127e+30
59.860321044921875
23.721511840820312
29.992977142333984
21.756011962890625
51.726654052734375
21.825469970703125
29.53485870361328
24.218765258789062
53.640384674072266
77.05026245117188
29.53485870361328
33.73763656616211
42.3697624206543
30.428340911865234
31.563356399536133
31.880428314208984
21.270401000976562
22.713611602783203
35.92539596557617
