0.36287689208984375
16.92379379272461
0.4024238586425781
9.173820495605469
2.738149642944336
-1.5116958618164062
-1.5116958618164062
1.4152908325195312
-1.1066513061523438
3.69671630859375
4.027381896972656
3.644512176513672
0.4797096252441406
6.585319519042969
-1.8383140563964844
2.2745361328125
16.92379379272461
-1.1323623657226562
1.4152908325195312
0.4024238586425781
-2.4074020385742188
-5.391336441040039
0.206756591796875
-2.1384620666503906
-1.5116958618164062
-1.5116958618164062
3.644512176513672
0.206756591796875
-1.5116958618164062
-5.391336441040039
1.9552574157714844
-2.1288795471191406
0.206756591796875
0.66766357421875
-0.8426971435546875
6.886087417602539
-5.009954452514648
-2.1384620666503906
0.4662818908691406
0.7936744689941406
-3.190685272216797
-4.614458084106445
16.92379379272461
1.0319557189941406
3.644512176513672
14.367073059082031
0.36287689208984375
-4.87092399597168
-2.3376808166503906
-5.391336441040039
-4.614458084106445
2.0633926391601562
-5.391336441040039
-1.5116958618164062
0.206756591796875
3.644512176513672
5.235137939453125
1.4152908325195312
-1.5116958618164062
0.4797096252441406
-5.009954452514648
0.4705924987792969
0.4024238586425781
16.550888061523438
3.447467803955078
2.647603988647461
1.0319557189941406
4.706081390380859
5.235137939453125
-4.614458084106445
0.7936744689941406
-5.009954452514648
0.36287689208984375
-1.1555328369140625
-2.1040115356445312
-1.5116958618164062
-2.089305877685547
-4.614458084106445
-0.5745964050292969
30.475147247314453
-2.321063995361328
3.644512176513672
-5.391336441040039
8.956157684326172
3.644512176513672
0.206756591796875
0.4705924987792969
4.892820358276367
0.15607452392578125
-4.614458084106445
5.23931884765625
2.9904022216796875
2.738149642944336
7.708736419677734
0.206756591796875
-0.16131591796875
2.088125228881836
4.709041595458984
-1.5959548950195312
7.430967330932617
-2.8575897216796875
3.69671630859375
2.9530410766601562
5.561153411865234
-1.5116958618164062
2.6049270629882812
3.69671630859375
12.57075309753418
1.9552574157714844
3.5014076232910156
0.36287689208984375
-2.3376808166503906
3.69671630859375
1.4152908325195312
-0.5745964050292969
0.206756591796875
0.4705924987792969
-5.009954452514648
11.990394592285156
-2.8575897216796875
1.059326171875
-1.1066513061523438
17.6544132232666
-1.5116958618164062
0.36287689208984375
3.644512176513672
1.7033119201660156
5.01441764831543
13.549610137939453
3.69671630859375
-0.8426971435546875
-5.009954452514648
-2.321063995361328
3.5014076232910156
12.273412704467773
3.016925811767578
1.582559585571289
-5.009954452514648
12603.9560546875
0.20323562622070312
8.86086654663086
11.997539520263672
16.92379379272461
1.1666889190673828
18.976064682006836
-3.8447113037109375
0.36287689208984375
0.206756591796875
3.69671630859375
17.77457046508789
50.72478103637695
15.644372940063477
43.58164978027344
8.328449249267578
22.734851837158203
45.86569595336914
22.734851837158203
15.27608871459961
34.545352935791016
53.74469757080078
6.566093444824219
27.75341796875
31.701505661010742
25.130306243896484
7.346885681152344
13.000492095947266
94.51705932617188
10.828805923461914
3.658203125
22.15655517578125
59.960628509521484
3.2499427795410156
26.606945037841797
23.97799301147461
9.258140563964844
113.99100494384766
37.252716064453125
13400.5927734375
18.172916412353516
7.346885681152344
23.776161193847656
22.890674591064453
0.3542938232421875
16.915176391601562
3.7510757446289062
68.87654113769531
9.376153945922852
37.59226989746094
7.346885681152344
829.050048828125
17.032817840576172
52.76850128173828
25.130306243896484
-5.608341217041016
1292.3907470703125
52.11967849731445
1.2278709411621094
13.276773452758789
17.902629852294922
20.191450119018555
43.59754943847656
13.000492095947266
9.407123565673828
161.024169921875
54.550140380859375
25.130306243896484
-4.9173583984375
33.24895095825195
19.61353302001953
98.16780090332031
-4.9173583984375
-0.048831939697265625
30.545185089111328
23.50257682800293
18.699918746948242
17.502094268798828
9.464006423950195
44.928558349609375
57.60505294799805
28.494346618652344
14.497835159301758
10.828805923461914
0.16652297973632812
53.549896240234375
15.653427124023438
1.3171920776367188
21.692262649536133
25.130306243896484
-2.6494598388671875
21.166479110717773
3.2499427795410156
53.379878997802734
10556990.0
24.186084747314453
1.2233352661132812
55.86790466308594
2.2589492797851562
47.85219192504883
225.99978637695312
22.88147735595703
39.67401123046875
19.61353302001953
41.40534210205078
54.46116638183594
12.409881591796875
-2.6494598388671875
5.715326309204102
-2.288818359375e-05
5.459041595458984
14.319683074951172
7.113002777099609
3.30908203125
25.130306243896484
17.573455810546875
16.347576141357422
38.721702575683594
-1.8772621154785156
-1.9563064575195312
3.931018829345703
6.475446701049805
-2.6494598388671875
16.616342544555664
20.707313537597656
9.205276489257812
7.679893493652344
17.534576416015625
27.560527801513672
-0.7712173461914062
13.000492095947266
-1.5784835815429688
27.31130599975586
1.716552227524444e+17
4.107133865356445
25.130306243896484
17.47290802001953
50.838951110839844
33.89857482910156
2.0963861815613194e+18
24.55399513244629
14.175647735595703
18.217172622680664
11.203990936279297
43.49201202392578
5.829494476318359
16.436603546142578
18.71193504333496
43.91380310058594
14.28335189819336
1.2278709411621094
16.87298011779785
6.300830841064453
22.770278930664062
33.963340759277344
28.12644386291504
7.230123519897461
40.02776336669922
43.04170227050781
12.703777313232422
28.401447296142578
34.13505554199219
4.038097381591797
45.67055130004883
-1.8772621154785156
25.01089096069336
22.623512268066406
32.419105529785156
22.448944091796875
5.457538604736328
25.766006469726562
-2.6507568359375
132.9051971435547
19.61353302001953
3.056385040283203
-2.552093505859375
50.5063591003418
44.71146011352539
6.012386322021484
28.80909538269043
25.001724243164062
-0.5509490966796875
129.0590057373047
10.855337142944336
565836736.0
1.81597900390625
-3.4194297790527344
16.40251350402832
15006.732421875
164.5875701904297
14.435100555419922
3.758075714111328
16.40251350402832
13.411975860595703
4.0462493896484375
16.07733726501465
25.162200927734375
-0.6092453002929688
52.137229919433594
29.232357025146484
-1.8772621154785156
122.69253540039062
-3.2843475341796875
5.315277099609375
6.820640563964844
35.337074279785156
5.203098297119141
9.707509994506836
25.130306243896484
4.90423583984375
1.9058189392089844
53.849639892578125
77.15016174316406
46.155052185058594
53.93896484375
1.4096107482910156
-2.6494598388671875
31.032276153564453
58.69738006591797
5222.35205078125
77.42147827148438
19.543926239013672
3.4869956970214844
12.302520751953125
36.14365005493164
24.0750732421875
7.026161193847656
13.953855514526367
103.08126068115234
27.642765045166016
-0.3634071350097656
3.2499427795410156
294621871603712.0
-2.6494598388671875
13.411975860595703
45.87615966796875
156.05934143066406
43.18893814086914
5.583038330078125
17.76386260986328
18.187280654907227
21.43507194519043
23.211666107177734
45.02873611450195
25.130306243896484
-1.2403755187988281
15.246540069580078
25.12512969970703
-1.140289306640625
12.206108093261719
64.81452178955078
50.855674743652344
18517422.0
43.128944396972656
37.19355392456055
44.823455810546875
13.489532470703125
43.18893814086914
41.45073699951172
47.139705657958984
17.664447784423828
5.459041595458984
18.847434997558594
27.544677734375
8.881736755371094
15.528076171875
54.592002868652344
15.850669860839844
19.934595108032227
28.09928321838379
-2.299346923828125
61.39413833618164
20.0059814453125
6.369998931884766
25.896282196044922
50.55518341064453
26.09244728088379
7.346885681152344
1.2278709411621094
4.51679801940918
47.585548400878906
45.33679962158203
18.294076919555664
5.8568115234375
64.61648559570312
55.14913558959961
34.288543701171875
26.85483169555664
53.322669982910156
6.8699798583984375
-3.4194297790527344
13.411975860595703
25.130306243896484
12.172962188720703
36.57176208496094
13.000492095947266
28.30640411376953
1.2278709411621094
38.49123764038086
16.888973236083984
18.94256019592285
19.52886390686035
22.43500518798828
63.590999603271484
-2.299346923828125
1.3853303263272548e+21
20.948835372924805
61.94967269897461
-1.140289306640625
4.1351951635707857e+37
13.000492095947266
17043.287109375
17.34539222717285
26.895551681518555
2.6318359375
19.0712833404541
16.4046630859375
253.0584259033203
17.95098304748535
79.84627532958984
15.6904296875
-4.9173583984375
20.26110076904297
77.37201690673828
-3.4194297790527344
5.09222412109375
-2.6494598388671875
54.701602935791016
24.446598052978516
12.595771789550781
12.221853256225586
15.637840270996094
20.744672775268555
13.000492095947266
26.075517654418945
49.604312896728516
68.74658203125
43.211341857910156
13.000492095947266
10.855337142944336
-2.552093505859375
24.829299926757812
1.2500533281259812e+37
43.152252197265625
14.120052337646484
20.49625015258789
-2.6494598388671875
78.96819305419922
0.0662994384765625
13.000492095947266
3.2848129272460938
46.114341735839844
55.21923828125
13.000492095947266
25.130306243896484
28.214672088623047
31.270557403564453
19.161094665527344
23.825565338134766
-2.5087127685546875
3.527252197265625
29.856767654418945
