26.799152374267578
26.434276580810547
28.2616024017334
31.276870727539062
27.884981155395508
27.140487670898438
27.140487670898438
26.391551971435547
26.799272537231445
33.15345764160156
28.27638816833496
28.33349609375
29.532556533813477
29.833667755126953
26.112308502197266
27.0643253326416
26.434276580810547
26.384899139404297
26.391551971435547
28.2616024017334
26.049190521240234
26.12102699279785
27.816722869873047
27.24273109436035
27.140487670898438
27.140487670898438
28.33349609375
27.816722869873047
27.140487670898438
26.12102699279785
26.675289154052734
26.263809204101562
27.816722869873047
25.55809783935547
26.835216522216797
29.841489791870117
25.908184051513672
27.24273109436035
26.954124450683594
26.236412048339844
26.081056594848633
26.14553451538086
26.434276580810547
26.98432159423828
28.33349609375
26.89071273803711
26.799152374267578
25.75835609436035
25.86211585998535
26.12102699279785
26.14553451538086
27.698169708251953
26.12102699279785
27.140487670898438
27.816722869873047
28.33349609375
29.443498611450195
26.391551971435547
27.140487670898438
29.532556533813477
25.908184051513672
27.817758560180664
28.2616024017334
26.458633422851562
26.89152717590332
27.180553436279297
26.98432159423828
29.18686294555664
29.443498611450195
26.14553451538086
26.236412048339844
25.908184051513672
26.799152374267578
26.39447021484375
25.75804901123047
27.140487670898438
26.257234573364258
26.14553451538086
26.390230178833008
27.640766143798828
27.461776733398438
28.33349609375
26.12102699279785
27.38308334350586
28.33349609375
27.816722869873047
27.817758560180664
26.900096893310547
27.03404998779297
26.14553451538086
35.40058898925781
26.697786331176758
27.884981155395508
27.60487937927246
27.816722869873047
25.62788963317871
27.12880516052246
27.250614166259766
26.60621452331543
28.822715759277344
25.931303024291992
33.15345764160156
26.80337905883789
35.51991271972656
27.140487670898438
29.378620147705078
33.15345764160156
29.889610290527344
26.675289154052734
27.294597625732422
26.799152374267578
25.86211585998535
33.15345764160156
26.391551971435547
26.390230178833008
27.816722869873047
27.817758560180664
25.908184051513672
29.840129852294922
25.931303024291992
29.443153381347656
26.799272537231445
28.534700393676758
27.140487670898438
26.799152374267578
28.33349609375
28.006389617919922
27.80310821533203
27.55815315246582
33.15345764160156
26.835216522216797
25.908184051513672
27.461776733398438
27.294597625732422
35.8861083984375
26.707258224487305
26.502756118774414
25.908184051513672
468.9184265136719
26.5029354095459
29.044715881347656
28.126447677612305
26.434276580810547
27.86252212524414
40.32508087158203
26.52897834777832
26.799152374267578
27.816722869873047
33.15345764160156
26.592166900634766
83.8001480102539
38.64082336425781
62.96331024169922
33.677940368652344
68.47957611083984
77.694091796875
68.47957611083984
36.46708679199219
46.84259033203125
63.81163787841797
31.006454467773438
49.538631439208984
42.3340950012207
38.93799591064453
35.136077880859375
36.35482406616211
90.06520080566406
34.39664840698242
31.630903244018555
34.991722106933594
73.70740509033203
32.865577697753906
39.00786590576172
37.154327392578125
32.6656608581543
118.50883483886719
43.74076843261719
386.51458740234375
36.32861328125
35.136077880859375
35.93026351928711
35.12080764770508
31.195714950561523
36.93122482299805
34.460323333740234
96.92896270751953
34.52803421020508
46.97688674926758
35.136077880859375
100.88017272949219
35.17893981933594
79.00852966308594
38.93799591064453
25.612777709960938
203.98219299316406
93.8356704711914
31.55721664428711
35.31711196899414
34.70473861694336
34.916194915771484
75.85608673095703
36.35482406616211
33.12653350830078
84.09860229492188
95.03994750976562
38.93799591064453
30.8394775390625
35.67407989501953
39.99980545043945
52.68806457519531
30.8394775390625
30.465503692626953
40.15093994140625
39.139015197753906
39.1273307800293
35.87339782714844
34.353328704833984
75.47281646728516
93.79728698730469
49.26763916015625
32.80916976928711
34.39664840698242
30.82815170288086
96.67798614501953
36.53877639770508
31.753416061401367
36.821983337402344
38.93799591064453
31.094919204711914
39.11053466796875
32.865577697753906
92.52410888671875
747.7322387695312
41.658451080322266
32.456520080566406
88.04109191894531
31.408546447753906
81.22755432128906
79.76124572753906
37.61227798461914
56.25385284423828
39.99980545043945
51.27021789550781
84.53607940673828
34.712890625
31.094919204711914
31.900001525878906
30.449892044067383
31.19474983215332
36.09196472167969
32.853981018066406
31.454334259033203
38.93799591064453
38.800228118896484
38.621856689453125
48.61757278442383
30.48974609375
31.5903377532959
31.432144165039062
33.17807388305664
31.094919204711914
39.49742126464844
38.59574890136719
32.7408561706543
33.186607360839844
38.77138137817383
39.122318267822266
30.414466857910156
36.35482406616211
31.05642318725586
39.01485824584961
507403168.0
32.83363342285156
38.93799591064453
39.68754577636719
80.40811157226562
44.26491928100586
1957382144.0
38.4702262878418
31.061016082763672
38.28251647949219
33.715614318847656
75.83479309082031
32.83675003051758
34.16128921508789
35.499969482421875
76.30918884277344
38.054847717285156
31.55721664428711
37.34844207763672
34.2270622253418
39.184818267822266
43.905975341796875
49.25926208496094
31.856910705566406
51.399715423583984
76.47469329833984
33.16564178466797
48.762718200683594
44.61989974975586
32.30009841918945
77.60411071777344
30.48974609375
38.820281982421875
58.74369812011719
43.092567443847656
43.850250244140625
33.77032470703125
41.014644622802734
30.62778091430664
64.74622344970703
39.99980545043945
31.812301635742188
30.8612060546875
92.58834075927734
77.1379623413086
32.041053771972656
50.00818634033203
39.9115104675293
31.923601150512695
105.07723999023438
32.82746124267578
38574.84375
31.5485897064209
31.380496978759766
38.709476470947266
278.96142578125
92.3130874633789
38.043827056884766
30.727447509765625
38.709476470947266
34.76606750488281
30.123802185058594
34.282466888427734
38.90558624267578
30.471481323242188
95.34996795654297
52.144351959228516
30.48974609375
120.51897430419922
26.012441635131836
32.93605041503906
35.11541748046875
46.06965637207031
33.019981384277344
33.589759826660156
38.93799591064453
31.543190002441406
30.65912437438965
39.80590057373047
87.52693176269531
55.935791015625
93.27457427978516
30.282007217407227
31.094919204711914
49.391849517822266
96.34922790527344
219.44976806640625
107.46034240722656
38.0156364440918
33.902923583984375
34.32451248168945
46.75176239013672
38.07162857055664
30.598726272583008
32.51413345336914
94.16700744628906
40.62310791015625
30.836994171142578
32.865577697753906
13764604.0
31.094919204711914
34.76606750488281
60.371551513671875
200.17430114746094
75.75116729736328
33.16682052612305
36.84377670288086
36.730045318603516
40.69796371459961
37.37733459472656
77.32539367675781
38.93799591064453
30.771343231201172
35.2978401184082
40.0794563293457
30.373994827270508
33.80887222290039
86.79953002929688
95.0419921875
10052.421875
75.87954711914062
44.63096618652344
76.8526611328125
33.19987106323242
75.75116729736328
71.02843475341797
77.7271499633789
36.16151809692383
31.19474983215332
34.65729904174805
48.34690475463867
32.66969299316406
34.879920959472656
95.13321685791016
34.126956939697266
40.24993133544922
41.71592712402344
31.49062728881836
90.2896957397461
39.145668029785156
33.28060531616211
39.21005630493164
80.05542755126953
40.326011657714844
35.136077880859375
31.55721664428711
27.171218872070312
75.80500793457031
77.22689056396484
38.537681579589844
34.816558837890625
79.74175262451172
96.22457122802734
44.7618522644043
35.47172546386719
96.96005249023438
31.511966705322266
31.380496978759766
34.76606750488281
38.93799591064453
31.922866821289062
47.48134994506836
36.35482406616211
37.3084831237793
31.55721664428711
48.0562629699707
37.158329010009766
34.77312088012695
39.4680061340332
40.099510192871094
85.2308120727539
31.49062728881836
378817970176.0
38.7895393371582
84.6581039428711
30.373994827270508
4.666968157401907e+16
36.35482406616211
491.6028747558594
34.22166061401367
34.44235610961914
31.193893432617188
34.98246765136719
36.383880615234375
286.7113037109375
35.88914108276367
102.46769714355469
36.30796813964844
30.8394775390625
40.153263092041016
107.41556549072266
31.380496978759766
33.297264099121094
31.094919204711914
80.55033111572266
35.45043182373047
32.79664611816406
33.07572555541992
34.13426971435547
38.855045318603516
36.35482406616211
38.82358169555664
60.07352066040039
108.3831787109375
76.42546081542969
36.35482406616211
32.82746124267578
30.8612060546875
37.6031494140625
9.344246297898516e+17
75.92936706542969
30.541948318481445
35.42609786987305
31.094919204711914
49.32098388671875
31.002777099609375
36.35482406616211
32.88114929199219
60.90795135498047
96.34980010986328
36.35482406616211
38.93799591064453
49.5617561340332
37.845191955566406
38.88727951049805
36.320491790771484
31.329185485839844
31.73584747314453
39.63613510131836
