4.261714935302734
-35.16278839111328
14.772098541259766
-7.327297210693359
-57.37757873535156
-60.012794494628906
-60.192359924316406
-21.021812438964844
-40.834442138671875
-42.51076889038086
-35.34531021118164
-28.203243255615234
-59.20035171508789
-31.10589599609375
-26.160202026367188
-39.95244216918945
-37.88765335083008
-40.74900817871094
-44.774505615234375
-57.37757873535156
-14.555797576904297
-53.29379653930664
-60.13099670410156
-39.16053771972656
-43.27104949951172
-26.52963638305664
-36.97359848022461
-12.798542022705078
-27.074188232421875
-54.02130126953125
-22.445266723632812
18.447479248046875
-18.761123657226562
-37.85408020019531
-16.249248504638672
-55.680702209472656
-38.813453674316406
-32.46305465698242
-38.33503723144531
-35.91691207885742
-26.611167907714844
-40.6576042175293
-15.767192840576172
-49.43505859375
-39.23991394042969
-19.324783325195312
-44.774505615234375
-15.153743743896484
-16.24361801147461
-14.944259643554688
-22.737937927246094
-21.88219451904297
-0.03484344482421875
-35.27138137817383
-32.6075439453125
-45.68259811401367
-50.06568908691406
-40.6576042175293
1.091522216796875
-20.76659393310547
-32.21766662597656
-43.76074981689453
-9.932022094726562
6.3126983642578125
-20.212902069091797
-46.40776062011719
-37.40409851074219
-25.343414306640625
-58.987945556640625
-7.905853271484375
-38.12007141113281
-63.565345764160156
-53.11445999145508
-15.19040298461914
-23.081619262695312
-60.012794494628906
-54.88843536376953
-6.0001068115234375
-17.948585510253906
-5.485401153564453
-33.78105545043945
-28.208404541015625
-60.012794494628906
-19.035938262939453
-60.192359924316406
-18.63552474975586
-58.98912048339844
-7.6753997802734375
-49.153968811035156
-4.55194091796875
-45.0390510559082
-27.025524139404297
7.75
-37.32941436767578
-58.225669860839844
-28.422523498535156
-42.511314392089844
-40.6576042175293
-28.327957153320312
-14.201164245605469
-37.79914474487305
-29.998241424560547
-47.67966079711914
-19.91674041748047
-38.12007141113281
-22.241592407226562
-42.426963806152344
-18.385929107666016
-44.88596725463867
-34.49168014526367
-24.99932098388672
-26.69385528564453
-35.512516021728516
-20.602867126464844
-34.49168014526367
-45.02296447753906
-45.930274963378906
-56.21729278564453
-16.204811096191406
-44.8359375
-35.13148880004883
-45.088623046875
-15.766368865966797
-17.962322235107422
-19.275707244873047
-51.44626998901367
-33.230865478515625
-12.325141906738281
-52.22706985473633
-47.91161346435547
-34.73289108276367
-28.25676727294922
5.307342529296875
9.421974182128906
-49.27544403076172
-14.215232849121094
-23.7764892578125
-52.22535705566406
-38.334598541259766
12.113510131835938
-44.774505615234375
-57.540748596191406
-40.6576042175293
-20.85840606689453
-16.540672302246094
-19.275707244873047
-60.012794494628906
-52.17170715332031
-36.86879348754883
-44.774505615234375
-24.35860824584961
-55.61590576171875
-44.774505615234375
-41.00105285644531
-37.464744567871094
-14.214847564697266
-31.040851593017578
-43.67548370361328
-45.82286834716797
-20.212902069091797
-60.012794494628906
30.69058609008789
-33.699527740478516
-59.82622528076172
-42.99041748046875
-45.02296447753906
-46.35826110839844
-60.012794494628906
10.111595153808594
-40.6576042175293
-3.1208267211914062
-49.153968811035156
-60.012794494628906
-55.61590576171875
-20.67184829711914
-58.434783935546875
-40.325477600097656
-21.67475128173828
-58.98912048339844
-33.95812225341797
-39.2635498046875
-6.770893096923828
-33.201072692871094
-47.357032775878906
-25.828777313232422
-38.039756774902344
-24.74823760986328
-60.13099670410156
-51.50951385498047
2.5565643310546875
-46.54509735107422
-18.4814453125
-56.197845458984375
-54.99567794799805
-34.49168014526367
-44.774505615234375
2.4394607543945312
-39.708702087402344
3.515899658203125
-37.1423225402832
-40.6576042175293
7.786062240600586
-60.012794494628906
-23.525798797607422
-43.62932205200195
-51.8602294921875
-37.464744567871094
-49.64621353149414
-60.86360168457031
-29.655227661132812
-51.11884689331055
-34.73289108276367
-40.6576042175293
-13.368766784667969
-33.230865478515625
-55.781776428222656
3.1547927856445312
-3.1500015258789062
-17.776126861572266
-62.40721130371094
-19.687774658203125
-43.2667121887207
-40.6576042175293
20.72193145751953
-32.28852844238281
-27.95452880859375
-21.456649780273438
-21.793201446533203
-9.920600891113281
8.2283935546875
18.292312622070312
19.60257339477539
-56.747989654541016
-42.426963806152344
-32.10403823852539
-33.61878204345703
-33.5660514831543
-34.49168014526367
-15.312572479248047
-55.190677642822266
20.170318603515625
-14.769001007080078
-20.36772918701172
-44.780452728271484
-13.72183609008789
-49.27544403076172
-27.336441040039062
-48.564300537109375
9.956802368164062
-37.70048141479492
-54.06928253173828
-56.21729278564453
-34.930572509765625
-35.26975631713867
-3.155384063720703
-40.6576042175293
-22.83682632446289
-30.82274627685547
-25.901382446289062
-33.279869079589844
-0.3998908996582031
-58.434783935546875
-32.35686111450195
-34.49168014526367
-53.129608154296875
-17.456493377685547
-9.543373107910156
-8.392841339111328
-37.478939056396484
-42.71565246582031
-32.542903900146484
-44.510337829589844
19.195648193359375
-26.10832977294922
-34.49168014526367
-19.352680206298828
-24.650283813476562
-62.40721130371094
-3.976531982421875
-29.126026153564453
-51.954891204833984
-60.012794494628906
-58.98912048339844
18.12689971923828
-44.709197998046875
-24.98188018798828
-39.197967529296875
-27.090404510498047
-42.63880920410156
-60.86360168457031
-44.774505615234375
-26.624183654785156
-26.565475463867188
-21.367870330810547
-40.91405487060547
-36.850894927978516
-40.6576042175293
11.232772827148438
-54.29349899291992
-56.21729278564453
-33.52046203613281
-26.160202026367188
-47.043155670166016
-46.218994140625
-36.44774627685547
-16.613861083984375
-27.72195053100586
-18.48361587524414
14.96876335144043
-12.954490661621094
-54.76952362060547
-33.74663543701172
-29.54100799560547
-45.74070739746094
-2.926593780517578
-34.73289108276367
-46.54509735107422
-2.561901092529297
-40.6576042175293
-40.6576042175293
-40.6576042175293
13.911746978759766
20.635414123535156
8.627765655517578
-52.76963424682617
-48.05399703979492
-43.159278869628906
-60.13099670410156
-60.012794494628906
-42.78989028930664
-52.074371337890625
-38.254432678222656
1.2948875427246094
-39.16053771972656
-38.33503723144531
-26.864906311035156
-17.196945190429688
-55.9130744934082
-35.4439582824707
-56.465633392333984
-9.532482147216797
-15.168678283691406
-23.103504180908203
-35.72605895996094
-30.82274627685547
-10.25528335571289
8.77725601196289
-42.978816986083984
-45.65411376953125
-48.492740631103516
-22.233341217041016
-38.534969329833984
-58.434783935546875
16.417789459228516
-44.65467071533203
22.18718719482422
-44.774505615234375
-48.883121490478516
-49.153968811035156
-38.5369758605957
-44.774505615234375
13.690654754638672
-14.155235290527344
-49.153968811035156
-24.299423217773438
-49.153968811035156
-21.593948364257812
-60.13099670410156
-11.91556167602539
-24.962650299072266
-43.030242919921875
-44.65699005126953
-14.257789611816406
-39.89286422729492
10.684364318847656
-36.92517852783203
-37.763671875
-22.057228088378906
-20.779388427734375
-24.88925552368164
-17.788978576660156
-34.804473876953125
-32.08848571777344
-39.64924621582031
-40.6576042175293
10.285209655761719
-11.238880157470703
-49.819061279296875
-20.463703155517578
-33.88907241821289
-9.191360473632812
-14.709957122802734
-7.623817443847656
-43.142974853515625
-17.487762451171875
-59.97252655029297
-33.95812225341797
43.924598693847656
-16.54248046875
-30.305469512939453
-45.186058044433594
39.945091247558594
-13.143692016601562
11.736122131347656
-55.44572067260742
-18.243064880371094
-40.6576042175293
-0.9894905090332031
-40.6576042175293
3.3870391845703125
-60.012794494628906
-56.404964447021484
-49.153968811035156
-10.37978744506836
-11.178455352783203
-52.6405143737793
-27.564205169677734
-56.90097427368164
-20.577598571777344
-34.73289108276367
-33.703025817871094
-15.485801696777344
-16.71502685546875
-39.32847595214844
-31.641414642333984
21.767972946166992
7.782855987548828
-32.52885818481445
-8.068233489990234
-20.212902069091797
-48.56814956665039
-45.40411376953125
-18.191654205322266
7.558296203613281
-22.61679458618164
-59.03124237060547
-37.743690490722656
-47.043155670166016
-26.491127014160156
-58.70336151123047
-60.45030975341797
-56.21729278564453
-52.2199592590332
-17.27899169921875
4.8750762939453125
-26.549720764160156
4.087009429931641
-39.71369552612305
-32.60045623779297
-53.14995574951172
-21.957847595214844
-48.41409683227539
-37.464744567871094
-36.97100830078125
-41.72842025756836
-0.21799087524414062
-59.03124237060547
-44.774505615234375
-58.07762145996094
-55.190677642822266
-18.76825714111328
-31.921302795410156
-46.55494689941406
-58.434783935546875
-33.95812225341797
9.017650604248047
-51.4617805480957
-57.540748596191406
-48.49030685424805
-58.434783935546875
-37.70048141479492
-45.98126220703125
-44.774505615234375
-30.890419006347656
-42.63880920410156
-30.631362915039062
-27.015823364257812
-11.277946472167969
-39.23991394042969
5.781726837158203
5.357608795166016
43.50950241088867
-3.2021331787109375
-50.06462097167969
-12.090923309326172
-60.012794494628906
-3.128509521484375
-32.85681915283203
-22.63323211669922
4.966178894042969
-3.8603172302246094
-34.237060546875
-49.153968811035156
-55.61590576171875
-11.243171691894531
20.109962463378906
-62.40721130371094
-59.90076446533203
-32.70443344116211
-48.87770080566406
21.58997344970703
-13.486236572265625
-14.216777801513672
-31.74504852294922
-23.996360778808594
-23.996360778808594
-43.27104949951172
-13.016815185546875
-2.7216796875
-9.880741119384766
-49.153968811035156
