748344.6875
142159.46875
22869735424.0
inf
26273.759765625
1017649.5
122746.6875
115642152.0
2505.107421875
1222.0240478515625
66787872768.0
inf
15421.705078125
405666176.0
1880583424.0
94320664.0
54101889024.0
116628.7890625
176602382336.0
26273.759765625
inf
26404.3046875
56018.9609375
4034.259521484375
45779.41015625
inf
148131152.0
41435.2265625
64696166121472.0
2871.005126953125
16126504960.0
inf
inf
10974864384.0
inf
18430.58984375
364307968.0
1490211840.0
3435.9794921875
93642.046875
38342687195136.0
760158.8125
inf
19535.0859375
1930.7342529296875
inf
176602382336.0
126638161920.0
inf
inf
inf
893755136.0
inf
3452.2021484375
36523909120.0
43592.32421875
28518.09765625
760158.8125
inf
33096.1640625
inf
12297.7490234375
inf
inf
inf
57637.0703125
1.8245823612998233e+27
125094.2421875
53101.55078125
inf
439452.375
1158393.625
23615.68359375
7.961766288340503e+21
inf
1017649.5
5181.01708984375
1192872.25
291514176.0
inf
3214.532470703125
inf
1017649.5
872969600.0
122746.6875
inf
1683800.875
inf
87083.578125
3356.7587890625
82312.0078125
inf
inf
2060.25
183727.96875
607.651123046875
25564.10546875
760158.8125
294117.25
1.3132452932979492e+26
110481.6328125
109092.3984375
842.38525390625
inf
439452.375
2.6025477524892334e+21
12420.4951171875
inf
4189.45556640625
2417155.5
180615.609375
2914633.75
inf
inf
2417155.5
2129558765568.0
6657.29345703125
34057.4140625
inf
4374.02490234375
5028.3828125
21395.96875
inf
220436144.0
inf
10924.8369140625
inf
inf
6717.4130859375
22014.71484375
126256422912.0
14496.498046875
4914.091796875
192637.109375
356.4697265625
16825696911360.0
153103680.0
2015.739501953125
216462.515625
8.408574735005788e+29
176602382336.0
724453.875
760158.8125
45915701248.0
inf
inf
1017649.5
323101.84375
1210.86767578125
176602382336.0
inf
181688.8125
176602382336.0
391209943040.0
45583.640625
inf
43148.22265625
686.7003173828125
7987.16650390625
inf
1017649.5
inf
inf
408018.6875
256532037632.0
2129558765568.0
13825.224609375
1017649.5
inf
760158.8125
inf
87083.578125
1017649.5
181688.8125
inf
10338.2607421875
14785.3203125
1.0278677385835062e+29
1683800.875
125995016.0
5447.330078125
6976575.0
199376240.0
1012.76611328125
inf
263357841408.0
5799447552.0
56018.9609375
50146.703125
inf
1605.661865234375
inf
907.201171875
4670.35791015625
2417155.5
176602382336.0
inf
196413620224.0
9992.1923828125
1050702118912.0
760158.8125
inf
1017649.5
17912905728.0
302745255936.0
9864.3056640625
45583.640625
39898.7734375
171212.578125
27697.07421875
2183.003662109375
126256422912.0
760158.8125
2841042944.0
inf
1864.9896240234375
inf
inf
inf
849150.3125
inf
170548183040.0
760158.8125
138756.5625
1064584.875
3.179928646491524e+23
705359168.0
176240761765888.0
inf
inf
inf
3783297536.0
22826.4609375
12420.4951171875
120577.953125
1.294714861894812e+22
inf
2417155.5
inf
806340.3125
inf
inf
193743744.0
6487.23193359375
inf
356.4697265625
293025856.0
52982.48828125
inf
944.9058837890625
11958.9345703125
34057.4140625
11268.2685546875
38297.2421875
inf
760158.8125
inf
419.5562744140625
5219120640.0
12036337664.0
9.624896297290957e+16
10338.2607421875
inf
2417155.5
62761.4765625
inf
inf
inf
3608773888.0
332.8114929199219
252056993792.0
856056201216.0
inf
1596887936.0
2417155.5
6409363052822528.0
161744.796875
849150.3125
inf
2.0665775696506052e+23
75804.3125
1017649.5
1683800.875
3966095.5
482.28802490234375
229141.78125
3609.50341796875
95777.6796875
296444952576.0
171212.578125
176602382336.0
39429312512.0
3380475904.0
99681200.0
3712111104.0
2067.2314453125
760158.8125
198917488.0
959.645751953125
34057.4140625
1369247488.0
1880583424.0
255159.90625
9433.98046875
1717.4854736328125
54974742528.0
inf
inf
inf
inf
683.9917602539062
inf
8.699707883702942e+22
2223.0625
inf
126256422912.0
1605.661865234375
inf
760158.8125
760158.8125
760158.8125
inf
inf
5.97416926485714e+33
14809.62890625
12958.2998046875
399225.0
56018.9609375
1017649.5
3183.5693359375
63910.140625
1548.0230712890625
inf
4034.259521484375
3435.9794921875
inf
inf
134003.140625
352464096.0
518418.25
inf
2949251.75
176627.484375
2010723072.0
419.5562744140625
inf
inf
23399469056.0
973.949462890625
8399.09765625
inf
1433854976.0
10338.2607421875
inf
3640.5107421875
inf
176602382336.0
8938.42578125
87083.578125
3569.48046875
176602382336.0
1678256256.0
92335408.0
87083.578125
3799684864.0
87083.578125
451006.78125
56018.9609375
4461026837790720.0
1160717952.0
4085.267822265625
3389.7490234375
inf
125444.046875
inf
1667.8560791015625
2898609920.0
132715.265625
254962958336.0
6.914309609631618e+25
inf
151723056.0
1933808000.0
24289.943359375
760158.8125
inf
9.799161770900878e+35
130644.390625
2.6089690411329336e+22
1477752064.0
inf
inf
inf
22755.96484375
inf
526605.625
125995016.0
inf
inf
98463039488.0
8786.1767578125
inf
242577328.0
inf
274369.84375
1046286976.0
760158.8125
inf
760158.8125
inf
1017649.5
2438.011962890625
87083.578125
5357.43798828125
inf
100098.3203125
1.142074936748046e+21
31969.427734375
inf
126256422912.0
76678264.0
inf
inf
13683.7548828125
612082048.0
inf
inf
inf
inf
inf
17032.904296875
988.5635375976562
inf
2450.896484375
inf
73404.40625
18761958.0
255159.90625
inf
394222.34375
490024.71875
34057.4140625
627.7587280273438
104133096.0
inf
inf
709737408.0
4616117.0
inf
20413.01953125
inf
641.424072265625
45583.640625
7407.76953125
6747581952.0
inf
73404.40625
176602382336.0
29950.169921875
806340.3125
11927.9697265625
520003780608.0
3274.560302734375
10338.2607421875
125995016.0
inf
10560.01953125
724453.875
680.5848999023438
10338.2607421875
944.9058837890625
27145.169921875
176602382336.0
295.85101318359375
296444952576.0
5.967526319531058e+24
inf
8434.96484375
1930.7342529296875
6.47098559479579e+27
inf
5.589382088792136e+30
inf
21451.412109375
18304800768.0
1017649.5
inf
inf
inf
inf
inf
209464557568.0
87083.578125
181688.8125
148365656064.0
inf
849150.3125
964225.0625
168685.359375
9763.7041015625
inf
1548791296.0
inf
1789183744.0
271713.84375
271713.84375
45779.41015625
inf
1.026837023031296e+16
inf
87083.578125
